1.000000000000000000e+00
-8.303330039700830556e-02
-1.585614594847750136e-01
-5.916708084740911894e-02
-1.117333664173365410e-01
-5.069074682341917493e-02
1.045118652035732787e-02
-4.959544972993631257e-02
2.109198839230278649e-02
-8.976841811018535042e-04
-1.274415236350351019e-02
1.773789043316944397e-02
2.051912494098670145e-02
-1.841421714874072121e-02
2.107827705418614458e-02
5.111996056012120884e-03
1.311682155022733318e-02
1.715606118546035216e-02
-4.941978116852210196e-02
2.493979409830143421e-02
2.222427948407550494e-02
8.459606213280278578e-03
3.697777408632274034e-03
-1.126009140782039016e-02
-2.750738402005448863e-02
-1.107121151922408437e-03
-1.339484343666152814e-02
9.295783843845190075e-03
-2.144257048813903374e-02
3.420819107224230826e-02
2.985039417257596972e-02
-2.583318969872779036e-02
-7.908702777098238282e-03
2.016800708572059203e-02
-2.015596296740998147e-02
-2.112587608547192644e-02
1.519727617468721349e-02
1.037770538107399710e-03
8.104337709622614228e-04
4.934951343031524634e-02
-3.815971490916859193e-02
1.115454883941681234e-02
2.431253695994744449e-03
7.009144025232680666e-03
4.036739802845988601e-03
5.675868814410388883e-04
-7.050927059155196602e-03
9.461996180590179174e-04
-1.795158091051976892e-02
1.192216080263957916e-02
-1.401780821785863140e-03
2.226728195752623179e-02
-1.242981513541530471e-03
-3.320314794432956129e-02
-1.459420340013812406e-02
1.457251333667833153e-02
2.136964213905294049e-02
1.367432557658072347e-02
1.027719136623570298e-02
-1.123911123598585020e-02
-2.866952749716995472e-02
-6.413377976625224408e-02
4.125319047623835639e-02
1.086736787990858107e-02
2.242602270108936396e-02
1.232033395857539543e-02
1.229483587605849186e-02
-2.785338484366002912e-02
-1.374895662980113280e-02
2.698320623184494518e-02
-3.758609336544629399e-03
-1.459232771847116493e-02
1.625065836061702351e-02
-1.759550785315853322e-02
1.364238290793817580e-02
1.023778032736327205e-02
9.836916206378019945e-03
-2.712044745118894276e-02
-1.406300906808867837e-02
6.081266207600961697e-03
-3.161400410161139402e-02
-3.397235871021725851e-03
1.778880517322264584e-02
1.929901022012940962e-02
-6.200502538924022693e-03
3.612379725093732563e-02
3.696303017575077853e-03
4.174437249063066638e-03
-5.018049049141243279e-03
-2.130523324425098383e-02
-5.687589316196383152e-03
-1.194892638103741030e-02
1.899808076007944435e-02
-1.663940112555368014e-02
-2.133209352063767522e-03
-1.101376678295265012e-02
1.655166152387276338e-02
-2.801515068513001343e-03
3.466520011860741400e-03
-4.580718340974422424e-03
-2.531078229812090338e-03
1.277646657558118883e-02
-1.681511089923580157e-02
4.257233966211759757e-02
-1.173108939701358357e-02
-1.424536295140290017e-02
2.857937317376488002e-03
1.266965934464654719e-02
-7.597678608838170922e-03
1.942519861545592003e-02
-3.603655848982297016e-02
1.368299243344843485e-02
3.347804288641213766e-02
-3.640670075354696805e-02
7.082394723527426876e-03
9.561261296467728557e-03
-6.127157041568699614e-02
7.389375171250457501e-03
-9.825993434277832325e-03
4.314274055175065098e-02
1.302022910347312712e-02
1.928643914666619899e-02
-2.024420824890924356e-02
-3.650080098871976569e-03
-1.397628716984916121e-02
1.050020084340593136e-02
-2.053104979737961286e-02
-6.304938579139905686e-03
1.170338159054226147e-02
4.435936817872304649e-02
-4.109999047298703613e-03
1.805974332105557802e-03
1.386538317606268202e-03
-2.671201045456602155e-02
3.600498756148363955e-02
-1.972096616492430288e-02
-2.901570900249926879e-02
-5.580530217100077711e-03
1.507282782076952050e-02
-8.732209345865287256e-03
2.091358422159657338e-02
-2.056663544158021315e-02
-5.293263465375270746e-03
4.033323352867111515e-03
1.553080476522550324e-02
2.107663096547793269e-02
-6.667213520893145199e-04
-8.165078444566119253e-03
3.540435086872180392e-02
-6.485350463134569032e-02
-1.900733056547883933e-03
1.478587963915436836e-02
-8.421425552376600801e-03
9.075070808791862662e-04
8.688747226257667253e-03
-1.298711828095248976e-03
2.888058943201543202e-02
-3.100744884176718716e-02
-1.802298061145068617e-02
2.678706592453708110e-02
-3.674367547305151284e-03
-8.335340143790448408e-03
1.285312643046004379e-02
2.570565621014023194e-02
-1.518810083813819725e-02
-7.431112519092595431e-03
-1.458403204049241175e-02
-3.506694382055968763e-04
-6.068138411898386757e-03
-1.031770217625530700e-02
2.299892738219930580e-02
3.470033269437523132e-02
-5.154702622459783742e-04
2.623629802817515483e-02
7.146581075169573631e-03
-3.327132152056683657e-03
-3.994419349721629181e-02
-9.976364919340015291e-03
4.977266414201039942e-03
-3.193894758226097086e-02
-1.297143255192885871e-03
4.075839273539114127e-02
-3.677420952772066792e-02
1.254675012132226535e-02
1.881948092306304915e-02
7.954254125157437377e-03
-1.202885971300211810e-03
8.219852452160852961e-04
-3.561355353804800117e-02
2.288247701447271992e-02
2.094315156046024865e-03
-7.936478413760664902e-03
-1.048824708056401989e-02
-3.174787774306653178e-03
3.070526114147349717e-02
2.689763943772728247e-02
-5.169735287362121207e-02
1.576199472826123396e-02
-4.300018194209614605e-03
5.208962990482833046e-03
2.927186230201873213e-02
-2.256525459149985938e-02
-9.493087718323316507e-03
1.548265800327804087e-02
3.349024415445474301e-02
-3.963034495785525829e-02
-1.846196903982918330e-02
9.241930251861669304e-03
-5.467945488613437134e-03
-2.757954499714482949e-02
9.638284378900255356e-03
2.229545789295388908e-02
-8.089976103827445581e-04
2.255448200485333371e-02
1.276357369030033627e-02
-6.986486063622864007e-03
-8.724901841554010690e-03
-9.377335934976797904e-03
-9.742044661098449472e-04
2.081089424147070099e-02
-5.786624355099874179e-04
-1.052004916594173264e-02
-1.949066462630076949e-02
1.898045635585096874e-04
1.944064740014994977e-02
-1.702149154483684548e-02
-1.272616126191460084e-02
3.470900310936205629e-02
-1.128338357817824412e-02
-9.049455767446940718e-03
-9.928901273404434902e-03
3.284867810631559616e-03
6.537284839469808748e-03
7.614802470369507609e-03
-2.184597545182372785e-02
5.513304916861070694e-03
1.342848212248339695e-02
-9.390360465954749117e-03
1.974280944718589947e-02
1.284996918315407799e-02
-6.804498058548643551e-04
-6.944506543591640914e-03
2.558342902707880142e-04
-5.539006684277771562e-03
-1.339516492501568318e-02
-2.877509989742477962e-03
-2.431089108164299212e-02
2.064278247039171357e-03
2.361796513579577511e-02
4.957981547812922822e-03
8.613488079604761025e-03
1.479953125939887162e-02
-2.764396726269245826e-03
-1.163948009060421403e-02
-9.000986941338866981e-03
-1.044859411503170146e-02
1.821904258350807645e-02
1.416474985503304862e-02
-2.136181760567125443e-02
2.342018396468515187e-02
-3.512303532284935526e-02
-6.996363997879888330e-03
-9.826199083404749124e-03
1.668136280132903257e-02
-1.172216996064759723e-02
3.529012465678216942e-02
4.130252672295575689e-02
6.870963615521336054e-03
-8.912576895690931325e-03
-4.578952854857099714e-02
-1.776917026599843935e-02
-1.369362473048925605e-03
-2.345720576559833653e-03
1.555315537491595325e-02
3.296000989940959386e-03
-5.530898632121891527e-03
3.364510902236473450e-02
-2.031218418451102500e-02
-8.275832958275225124e-03
4.468571224916388640e-03
-1.363442679112637085e-03
-1.136822317981168312e-02
1.484019082869320570e-02
-4.844674862314321713e-03
1.149762542013550194e-02
8.105911728165748713e-05
-1.162356275751248551e-02
1.026224718371831005e-02
8.555308286675474124e-04
-2.436602376205055515e-02
1.010155865978982874e-02
-9.026091063167835521e-03
-1.807775948037371183e-02
3.612611158771239506e-02
-1.894110938740869651e-02
2.368969266228418066e-02
1.628878962389561369e-02
-2.413536748666238185e-02
1.487589780207199640e-02
-3.587265025782220007e-02
3.090526184762285716e-02
-1.148194906987414290e-02
6.621527852239039204e-03
-2.974313713076950916e-03
-5.703689387785189227e-04
9.716476953748796885e-03
3.560606605051010176e-03
4.848830784323829995e-03
-1.281551190427951750e-02
1.298608054461153610e-03
-1.788041557550150082e-02
4.045657136593878815e-03
-7.349531533358672625e-03
-1.817204636210055990e-03
1.459005020740090572e-02
1.915944622712239392e-02
-1.795524691773378589e-02
-2.330294211498155042e-03
2.508262219894571640e-02
-1.294850606375888731e-02
-1.061893500068298961e-02
2.161389964908087824e-02
-2.122256606768303799e-02
3.028116183701726888e-02
6.915688432998150920e-03
1.573696082291244861e-03
-3.248887902797940180e-02
4.374801287478461385e-03
-2.088648947867418476e-02
-7.873159139293940331e-03
1.892140311003408584e-02
2.614434717766793079e-02
5.895398849009889780e-03
1.227475467427271115e-02
-5.774208994424152863e-02
1.177250977844097185e-02
1.466335185924803712e-02
-9.210365041083728305e-03
2.276497102491059285e-02
-9.372933325641208402e-03
-2.590145327821981661e-02
-6.547328243752746114e-03
3.262400610672356455e-02
1.342175376967474909e-02
-1.649738589860459681e-02
-5.783618652122917217e-03
-1.737553650470227782e-03
2.887364997542462078e-02
4.700467093944255860e-03
-2.413901564705976319e-02
-5.895146464490181974e-04
-4.167697992603669119e-03
1.606757074229854879e-02
-1.581544039555934922e-02
2.060978171775394892e-03
-1.110188932967546942e-02
-6.440798144092077862e-03
1.818059047025539707e-02
8.174764072785868640e-03
1.850259676341904982e-02
-8.055936352304376297e-03
-4.405824381785345550e-02
3.443972485292369490e-02
2.298907911274238741e-02
-1.310301837835129227e-02
-3.411213578699042424e-03
7.615238116541103025e-03
7.928180351084689048e-03
2.747746933690113202e-03
-3.002360943860897177e-02
3.325335791170263428e-03
5.936202856326481744e-03
9.426394852319349912e-03
-4.636322159058290857e-03
-1.244142596131802246e-02
-5.878013374445787385e-03
8.706998676365391293e-03
-1.300358599869956555e-02
1.487235930621733267e-02
-6.999239231242799196e-03
6.237204876377379185e-03
-3.124514188403055420e-03
-4.050684145966744476e-03
-1.347727419351086448e-02
3.145560547767394660e-02
1.511784684941177952e-02
1.681186974550062316e-02
1.274346569496380812e-03
2.721713024783758983e-03
-4.828620993889895519e-02
8.031393153215436384e-04
7.571686216653143991e-04
-2.030970458712521437e-02
3.575930845863402319e-02
1.358867180575612683e-02
1.993583926589975741e-02
5.274807623790300944e-03
-3.187356720476056116e-02
-2.823203060263981823e-02
1.810876569705063138e-02
-2.504875890866771829e-02
5.405491396808327631e-03
2.267666267436234048e-02
-1.610329323301666962e-02
1.098236787553026096e-02
2.061407558180511704e-02
-2.164353219359285707e-02
1.591634779930219123e-02
-5.509752334732225150e-03
-2.145691455970499123e-02
1.991186027210998383e-02
3.509751770646512420e-02
-2.231342040249183548e-02
-4.039747982801390747e-02
1.656920520980761230e-02
-3.872880410426090235e-03
-6.112392827182584060e-03
3.152144488510656012e-02
-2.700734354434392633e-03
-4.451029034883577048e-04
-1.108253471343591950e-02
1.266560847335631949e-02
6.756867381494257793e-03
-7.944954620807596901e-03
-2.198441073723280889e-02
1.120292516458037436e-02
1.360719080372097683e-02
2.175459010231609730e-02
-1.891306167879850536e-02
-1.767154310191440189e-02
2.042411179856384179e-02
-7.123296388282896602e-03
-8.783563527085254223e-04
-1.834254390406593258e-02
7.665815174432022948e-03
1.333159672949049170e-02
9.715166163893682386e-03
-3.410993716290973768e-03
3.176409987038720378e-02
-2.176017426432287280e-02
-5.573213323864045429e-03
-1.396335931787215205e-02
2.609845441986331175e-03
-2.689386746117541915e-02
1.730174218080142608e-03
8.013752577553228187e-03
8.146197572837647963e-03
-1.641556468122455995e-02
-1.447915926958405833e-02
1.863635618833485094e-02
5.698573275142837513e-02
-8.604601499543937382e-03
3.802889846205335933e-02
-2.600179923098108054e-02
-4.823983477595227692e-02
-1.158390368646737036e-02
-1.440553256545627422e-02
5.261695230375021404e-04
-8.643690441852541415e-03
6.245698885740135799e-03
4.414147318038593587e-02
-4.066620451421117458e-03
-1.795881937152419075e-02
1.329903172711108077e-02
-2.045968692593080548e-03
8.733129064070300346e-03
1.283027625734935694e-02
6.801018291150301605e-03
-4.908478680734649179e-03
7.854173881302800369e-04
-2.045811102565932987e-02
1.191008333277598745e-02
2.368869240057606181e-03
-4.189637583155285394e-02
1.478368551397571222e-02
-1.595626417082589288e-02
1.953309353175936361e-02
1.960711650524764663e-03
-2.338770993304863273e-03
-7.292699340421196150e-03
4.366641074453780046e-03
1.776424656311536773e-02
-5.980656456550366949e-03
9.660583165843608308e-03
8.967597019060259342e-03
-1.968444093711712098e-02
1.753249716924772106e-02
3.687261950521060136e-03
-1.610254398929945917e-03
-1.903696579467480457e-02
-2.365091145167156142e-02
2.397633342695923431e-03
2.218614586329368046e-02
1.504215020317193306e-02
-2.720891274081778388e-02
-1.022728470033318349e-03
1.083047767112112550e-02
-2.066325576366045969e-03
3.179936568464909220e-03
-3.286744453520785460e-03
7.722506613336036115e-03
1.531159065719571097e-02
-6.494628764992586324e-03
-1.306571016751373673e-02
-6.922391071954746809e-03
1.157320943915158412e-02
-2.270265711654320673e-02
-1.052596883914399400e-03
-8.939435701677454771e-03
-1.249972316332768896e-02
1.229410230189951526e-02
1.017510839902382135e-02
-2.660972282310677603e-03
3.479933779036546021e-02
2.465872999462412340e-02
-1.504257468031365216e-02
-2.546703757151562095e-02
-2.191291841207686567e-02
5.427217364073991246e-03
1.728545456088276255e-03
1.940127140408613379e-02
-7.232141028251160182e-03
2.065516399628195693e-02
2.477833284114292454e-03
-3.062436448514956749e-02
1.820422387393393765e-02
1.816475005349679764e-05
-1.762200695427552574e-02
-5.133453444257350153e-03
9.594319465169455496e-03
5.509766012411747987e-03
-2.741108027054701274e-02
-4.543788039105229465e-03
2.155613036066905339e-02
8.430135440993835258e-03
2.430728849282169993e-02
-4.965963777643233115e-03
-1.903134250690988183e-02
2.860768986135507619e-02
-1.057933955763705122e-02
-1.354581230022286302e-02
-1.022096080047399901e-02
-3.678825965069823511e-02
1.556054403726378314e-02
1.703394047566270109e-02
-1.457124854242903764e-02
2.670277208679182335e-02
-1.766768255500537205e-02
-2.971438363947117439e-02
1.942990751238956454e-02
3.066118952378033349e-02
1.420011470553404591e-02
-6.180698705169623310e-03
-3.522127742315733084e-02
7.813381848492412934e-04
3.559711422247631429e-02
-4.272904438089140597e-03
2.747513948518573793e-02
-1.550112995220699966e-02
-1.195627937141837197e-02
-8.352748528968919131e-03
1.061926131378912105e-02
-2.678658826247100333e-02
4.760774544821757756e-03
-9.511764639395325557e-03
1.821606258739143572e-02
2.791077613704251448e-02
-1.684531140271565593e-03
-4.430855972843870255e-02
2.510390279037361116e-02
-1.204393776695298138e-02
4.506824404612081239e-03
-4.990130340003038484e-03
-9.569631790381461986e-03
1.988292893326800564e-02
-8.432026457100210565e-03
-1.114253415143186092e-02
-3.293926823910394742e-04
4.631288840400429700e-03
1.335506575212371851e-02
7.647686301588507533e-03
5.892506889934293404e-03
-1.748419925227149771e-02
7.682267265548872390e-03
1.250506236710011675e-02
-1.126185192616841260e-02
-8.112213398712972423e-03
-2.653439531906884308e-02
2.371263039458101213e-02
3.157132561394728615e-02
2.756242305862815004e-03
-1.435202085025467922e-02
-1.322746950675763797e-02
-8.610854093759478731e-03
1.416214139229913377e-02
6.053176425694662202e-03
-1.034076509948072403e-02
3.392907591437078346e-02
9.211176186021321349e-03
-2.412035031490718587e-02
-2.453856501694941586e-02
-1.323836205540278050e-03
2.843214505784366804e-04
9.796219205088281534e-03
1.207546062931785444e-02
1.768662906464749801e-02
-1.511993188091377560e-02
-2.169477348392390495e-02
3.305913221442356720e-02
-1.359090746533851354e-02
1.848382797605639715e-03
9.717949949702205797e-04
-2.265358582230053014e-02
-6.515102825613676429e-03
1.329560427133842128e-02
-1.657221042009639211e-02
3.318179079262956969e-03
-1.585009375987895403e-02
4.741132348009462726e-03
1.767980385496264323e-02
2.619349141357232152e-02
1.061055066634006630e-02
5.174805907259208068e-03
1.297876532703773865e-02
-3.233301493256072329e-02
4.684607363475712556e-03
-8.362962147133433735e-03
-4.122991280374799922e-02
3.009630714554592263e-03
-2.056000195413660615e-03
1.658224595617035710e-02
2.196185801696766068e-02
-2.090330899587929461e-02
3.149183901649313388e-02
-1.138496418800918376e-02
5.291790823834378529e-03
-1.590635639455749168e-03
-1.375785552858372653e-02
5.601137580186786591e-03
8.565712264111920767e-05
-3.984206194123032438e-03
8.566846847159335226e-03
4.849353643871173215e-03
-1.689659394384195046e-02
2.659971823963438401e-03
-1.144888423048636382e-02
-1.552017370749352379e-02
2.274302569953833356e-02
-1.441051236463581839e-02
-6.540379514921048319e-03
2.164743089611419896e-02
-6.340491393230660890e-03
3.491800171061423819e-02
5.619407445952845489e-04
-2.656494178249658999e-02
-7.069817528445598853e-03
-2.202166625183292481e-02
7.064553250918920516e-03
2.331037882359094163e-02
1.474756388510254810e-03
5.243410968540221546e-03
3.023445059420706675e-03
-7.745614687538959417e-03
2.080390612696639968e-02
-1.718179331075411764e-02
-2.809779056011809002e-03
-1.516160936957824425e-02
1.537996943346069687e-03
8.028185920972560549e-03
-5.721316521660062965e-03
7.305229215529867280e-03
-7.284117560544737906e-03
1.407487902068380731e-02
-1.110884392069512623e-02
-1.018665535543831005e-02
-7.411153564737253674e-03
-6.691625001009214070e-03
3.109393157926603878e-03
2.060425975329251841e-02
6.746463106113645067e-03
-2.695124669286345660e-03
1.430722832240637413e-02
-2.681497383631516445e-03
9.917006098049590060e-04
8.509181592841108879e-03
-1.861405011678483531e-02
4.572052811127617390e-03
1.180259817688808673e-02
-1.467683833752907695e-02
-1.851188838957017191e-02
8.149668912604459553e-03
2.512174811551134285e-03
-1.599304817904619383e-02
1.776894943783082978e-02
-1.440707647561407893e-02
1.662165468716433891e-02
-1.702243405570363216e-02
4.348538891734557606e-03
6.142476623696374941e-03
1.436202075335536385e-02
7.520851331567504627e-03
-2.944457453806182887e-03
-1.728274342854934850e-02
2.235804673654324948e-02
2.557327111251835299e-03
-1.723738264337689938e-02
-8.196708037260363663e-03
5.580036499445928215e-03
1.561266739594465922e-02
-1.969855202269157543e-02
-1.708342064037867911e-02
4.344495066113228908e-03
-2.173956873532495448e-02
9.466097014766854112e-03
1.586266157061335877e-02
1.244491332550863062e-02
1.594135041396183353e-02
2.128056032852500973e-02
-2.834749192734244486e-02
3.823684715511589151e-03
-3.783657197775934251e-03
-3.349391301270183974e-02
1.610035052166543593e-02
2.935335005804265776e-02
-1.502357776488883433e-02
1.438383698599004709e-02
1.246581518931154202e-02
-2.822952738377905793e-02
-5.529206922441858192e-03
4.737753233130483597e-03
-9.644839644611756871e-03
-4.090459987716295320e-03
2.052757951558347588e-02
1.401418115412859369e-03
-6.519340293227172782e-03
1.758010833492024269e-03
4.248704850871803419e-03
1.198520044554618642e-02
-9.160026861922994715e-03
-1.846899945268946561e-02
4.306880200409428545e-03
-1.726843318369555846e-02
1.780836606146852727e-02
3.203905316104061277e-04
1.293594543808236456e-02
-5.261205330758803728e-03
-1.410570291182344782e-02
-5.840825383126824547e-03
7.532043088210336156e-03
-3.044365554056211766e-03
2.476830977141949650e-02
-1.122787016979347532e-02
2.067182687613077288e-02
-8.243652252710917047e-03
-7.031974642824900812e-03
3.577250171037077865e-03
-1.486322796087740511e-02
-7.558161455348627817e-04
-5.924965108072079850e-03
6.370042684492561828e-03
-1.268867027204687373e-02
1.105878251551066331e-02
-2.289470845807837010e-03
2.012029506558495745e-02
9.144413604846307261e-03
-4.136144359500229517e-03
-7.331710496912285588e-03
8.939368708912780528e-03
-1.501132208693445498e-02
3.048004448809927755e-02
-1.737813259742557528e-02
6.972293065978225554e-03
-2.773761206032763008e-02
1.179510387467111628e-02
9.161451014690109515e-03
-1.863980403181399875e-02
-1.039092449429182552e-02
1.368619763858891850e-02
5.651790896838582851e-03
1.096091643891970377e-02
-5.122166142123854397e-03
2.456498492454679567e-03
3.936574202736131678e-03
-9.708751185124323696e-03
2.756828202966787270e-03
-1.922336895633988338e-02
-5.163422285393186491e-03
1.644154981591951269e-03
1.500239689949795993e-02
-9.449387122789512997e-05
1.019603157699429559e-02
-1.063983365479119134e-02
-4.368151675298675291e-03
1.843184006864172220e-02
-8.310271640308151270e-03
3.239601182326324116e-03
6.484243721566662101e-03
-6.647622070947898330e-03
9.704410195017375632e-03
-3.230318634090403873e-02
-5.221276812123271799e-03
1.325687397970542677e-02
1.723577339950437687e-02
-1.196706718574325895e-02
5.055326381788060111e-03
2.156098350095026275e-03
-8.254651330551759578e-03
-5.507578665415500431e-03
2.630514118084375727e-02
4.353268607063809359e-03
-6.626209106830628637e-04
-2.091631315701707010e-03
9.234819431432037679e-03
-2.726505348649642391e-02
-2.392772098100482640e-03
2.988154288923425034e-04
1.016816381206839953e-02
1.747588836855320940e-03
2.222984878571925352e-02
-2.077990165090991270e-02
-9.902096986950353896e-03
-6.089525252999887679e-03
2.275377871616484152e-02
1.167059360004038711e-02
-1.997580180945563236e-02
5.363910773485246718e-03
7.448441347989357905e-03
-9.000250180228576424e-03
1.300931595079446836e-03
-1.121471123761615118e-02
6.112817966787204536e-03
3.035446759309740408e-02
-6.217092874818863635e-03
-6.169454835484145840e-03
-1.119761516741596928e-02
-2.289378169073787161e-02
4.684388798667862147e-03
6.591361213065607266e-03
7.134775001810409779e-03
-1.747614843295034609e-02
2.447399946305387278e-02
-1.541663612994681291e-02
-1.056038511224457500e-02
4.760449310525970319e-03
9.244778926663508450e-03
3.359671260871516501e-03
1.831783436260759138e-02
1.355169721609270420e-03
9.188767783290029221e-04
-2.244504668376982523e-02
4.581760427456567364e-03
7.446547989122261936e-03
-4.818365144682698782e-03
-6.771517160355561629e-03
3.261464286147610324e-03
1.133874947574362892e-02
-7.710890763511932255e-03
2.933252286055673414e-03
-2.447490409912492573e-02
8.369691039480493810e-03
1.431881163345747818e-02
-7.502248675015330513e-03
-5.474597350269765766e-03
-5.318040754896113942e-03
1.488650343139240849e-02
-1.108854395604656415e-02
-1.364618892984162260e-03
1.929220537850020317e-02
-8.432770554539715385e-03
-1.737629686291766555e-03
3.790998774303445864e-03
8.598559212703077784e-03
4.753968336962193734e-04
-8.061066782173957959e-03
1.676778787431525012e-03
-1.123915667303519890e-02
2.577019914550837329e-02
6.639344730273236996e-03
-2.814348802330343333e-02
5.934352938808688284e-03
4.045130022485442407e-04
-1.129490026980569002e-02
1.067838015233030929e-02
-1.323452354646788807e-02
-1.643249159103481530e-02
3.332914265230498690e-02
-1.305046013125157542e-02
6.211075084228313489e-03
2.735349719100704791e-02
-1.537773226265460626e-02
-1.209249354285139681e-02
-1.958775636975777432e-02
3.188798506949186255e-03
-9.567342377831447933e-03
4.723279875172281365e-03
1.362470714748864956e-02
9.606426074604780194e-03
1.701380220132705026e-02
2.445793521066821213e-02
-2.772595677021407953e-02
-2.751293427819357512e-02
-4.134062491548597812e-03
3.091518086569648716e-02
1.667429363364355405e-02
-2.178812983897172179e-02
-9.836755636465664004e-03
1.886992731956300354e-03
-1.452589566574230247e-03
-5.467534646168578302e-03
-1.205718310945672750e-02
-4.835725310875053646e-05
9.786843729430691127e-03
6.727115829454097945e-03
3.983132087124865821e-03
2.576899791079875421e-02
7.669397895952700375e-04
-1.620955647326859789e-02
1.142262369922922988e-02
-1.021106739506226664e-02
1.480981073706342209e-02
-4.368445601003679429e-02
-1.070530324079166373e-02
1.155785904883285115e-02
6.127212158449919788e-03
5.540403204513487043e-03
4.236614338307925602e-03
1.030488393303709282e-02
-7.331101698227462417e-03
-3.041044271709224256e-03
-7.520907884266817174e-03
-2.952791477230002661e-03
-1.791055932185998262e-03
9.209726626682230091e-03
1.238678836224720893e-02
-1.162982128512718774e-02
9.550889593415333922e-04
2.067365920866581080e-02
-1.234892361086512708e-03
-1.213512273720978793e-02
-1.170624235111518592e-02
-1.146195672615829379e-03
7.775176829086566724e-03
-2.629058437732005246e-03
6.405674498890863607e-03
-2.882104047700615509e-03
9.064430436246500786e-03
8.968226221645662910e-03
-4.610161671454422218e-03
-1.116446167250282479e-02
9.829271003279340876e-03
-1.708067311525551107e-02
2.743268450276079538e-03
3.803489177468063337e-02
-2.511939873638938114e-02
-2.709718609026968983e-02
8.213849681233209230e-03
8.814042010307712380e-03
-6.693992956731509942e-04
-1.457536887804453162e-03
-2.103206085399469266e-02
2.546978983876548031e-02
8.955506677128372700e-03
-1.417173548266193427e-02
-1.085607080518254282e-02
5.965563859415956051e-03
2.483053327350851630e-02
-8.073956771147082143e-03
-1.126999260533380343e-02
8.368361160708839841e-03
-7.142303540831684144e-03
-1.538934992159415524e-02
1.915462524491659199e-02
-1.525119322854097577e-02
1.248138259943945907e-03
-5.756037843961072341e-03
-1.900172422922096534e-03
1.615887873585032664e-02
1.421974311150256930e-02
-8.600257780171328623e-03
1.451311207731629388e-02
-1.950615660387854111e-02
5.863233806688156191e-03
1.721202626910049022e-02
-1.842397931381806490e-03
-1.190599309344637230e-02
-6.995367265712394526e-03
-1.173106241592569883e-02
-2.014412534370886229e-02
4.987455060651395378e-02
-1.215581793436282601e-02
6.131793816811551522e-03
-8.234102650946631321e-04
-8.020659640462831502e-03
1.254361868826604255e-03
-3.327400278469077113e-03
-6.393228490890599802e-03
2.021176056533756805e-03
-1.161863848497725858e-02
3.037358801001005092e-03
3.192234860648455325e-02
-8.259853718026816116e-03
1.731670820016977322e-02
-1.580363835865439270e-02
-1.579207599895314854e-02
1.528100889047222938e-02
-9.119281213945803696e-03
7.881669920619711542e-03
4.061894385938743558e-03
-1.875102926632713982e-02
-4.724506848782961295e-03
-3.311459653108473223e-03
1.279479621796890051e-02
-1.286178075426165461e-02
-2.562829105146558536e-03
9.896667884732635728e-03
3.287101436018759204e-02
-2.492403977274549936e-04
-1.764816429374244707e-03
-1.143479436373229198e-03
-1.906655714504383592e-02
-9.298644242493252915e-03
4.662285440291649014e-03
-2.137138223099709891e-04
6.689693814747189882e-03
-1.921741299424200786e-02
6.851834780772234415e-03
1.844857389240091988e-02
2.752145934150408181e-03
-3.946358996274437585e-03
9.504089301723467244e-04
-1.537498717759956494e-02
8.962795374164755566e-03
-6.970479851679071796e-03
-2.515440663505243667e-03
-1.204095976929018055e-02
2.963370043608103480e-02
-1.222066160708442165e-02
1.766467654001513746e-02
-1.736214821052567761e-02
-1.863105283616343227e-02
9.612479967305867512e-03
1.732014656348867653e-03
-9.427989781962405752e-03
2.568350792665542726e-02
-3.051265668132196757e-03
6.006342279207371217e-03
7.290559840621236090e-03
-1.656224839341291152e-02
-1.693315052845394868e-03
-4.318991165717951837e-03
1.363999290396417270e-03
-3.318788774687886356e-02
-8.837623325734709351e-03
1.894115913155794764e-02
8.012922352967192380e-03
-2.822172916186060248e-04
1.472706789441591453e-02
4.810484376936837933e-03
8.898071712761523866e-03
-2.007615287133357115e-02
-1.470259010349527461e-02
1.412173081412542233e-02
-2.137184067823796364e-03
-5.348421824642944980e-03
1.105977297883403709e-02
-6.930616006722286476e-03
2.850645065833618246e-03
1.025714038161125614e-02
-2.130519682913820795e-02
2.956454828203497129e-02
1.761250994573838663e-03
-7.668370197629498577e-03
-1.727257866765946831e-03
1.390449824650105172e-02
-2.703141849689600848e-03
1.992069442819560925e-03
-2.625936420361098256e-02
-2.020532462907994394e-04
-4.175486710496984009e-04
2.522155035906830343e-03
2.218951529413864046e-02
-1.697519510870035275e-02
5.939955314214957240e-03
-4.723483339805903576e-03
1.015574040221924219e-02
-7.956832912322025705e-04
1.586196377841962019e-02
-8.889659554373988831e-03
6.571524187571518676e-03
-2.281320144296561554e-03
-1.798733893389438745e-02
-6.352911069047135345e-03
3.128386774819932967e-03
-1.549241815735601970e-02
1.070227479745085308e-02
1.692537701375756987e-02
-1.121793842163963315e-02
-7.389994799907748102e-03
-4.024790789539987412e-04
9.433076029672157400e-03
1.346047870442645088e-02
-3.509879178295976544e-03
1.524000806327596193e-02
-1.196024766677400951e-02
-4.181909189060140086e-03
-6.578684097254359521e-03
-7.112247196609480793e-03
1.389769803130105549e-02
2.653809983715703109e-03
-4.838073807971597640e-03
-6.460370457292647327e-03
1.947273460651659238e-02
-4.422686400011907604e-03
-5.748401927282671860e-03
-3.860104472099314989e-03
9.445401705936536845e-04
2.921211247486570420e-02
5.857728041846600817e-04
-4.847175683897988162e-03
-8.734032106084642019e-03
-2.223172006543655196e-02
1.081428715854966527e-02
7.677168791867089101e-03
-1.299781746561049119e-02
-4.237166238258109098e-03
-4.666037416476951499e-03
9.450851145401882938e-03
1.589534143248590159e-02
-6.495795257264254559e-03
-1.322008666652161289e-02
1.578001048890208258e-02
-1.364608999286581401e-02
1.027790545039988269e-02
2.762138846136569584e-02
-3.026706251436077702e-02
6.594316296891062322e-03
1.285566612772274381e-02
-2.214469327753721545e-02
1.158481497747088432e-02
-9.564780208951096166e-03
8.007009990942261886e-04
-4.109807047485139996e-03
-7.558129396928518718e-04
6.685185339514418054e-03
1.547073515613550491e-02
2.892486657858851697e-03
8.919423754796622014e-03
-6.420082457890445744e-03
-1.884818430371375947e-02
6.355848030925682901e-03
5.494840380521406886e-04
-4.670088216032444728e-03
-1.392510523830774996e-03
-2.592055517118766329e-04
1.048541845562164440e-02
1.351267952569508261e-02
-3.606694977284125719e-03
-9.887321952370544537e-03
-1.155822120645905865e-02
-6.105974987223467161e-03
1.104154752381506475e-03
-1.587425031084981758e-02
1.291054458405741824e-02
2.540101560498074507e-02
-1.124367945422579204e-04
-6.699932297175617037e-03
-1.253580501324834742e-02
3.733644195852711158e-03
1.704152718876094513e-02
-8.755430060296318096e-03
-1.548732359638328900e-02
1.355548580937494633e-02
-8.730774538633504292e-03
1.490935957685609464e-02
9.062609799323802576e-03
-4.595965858074468717e-03
-2.622716461881279947e-03
-6.435982574866736493e-03
-7.693861469072855834e-03
-1.234111924215957213e-03
1.699548566038809735e-03
-1.002931417978464648e-02
1.475164385211133987e-02
2.395075290041113678e-02
-8.722867251610295566e-03
3.336218251091973338e-03
-1.235837296978701400e-02
4.825758138404443159e-04
1.199742076527859393e-02
-1.441051367640160639e-02
1.341319187469395754e-02
-8.963708944203972739e-03
1.186015991394385148e-02
-1.156483101612573901e-02
3.768717806082659810e-03
-1.847801794789858537e-02
-1.091276261835268926e-03
-3.148968764343938655e-03
4.438598663201091463e-03
4.659122749740358255e-03
8.251529829359024668e-03
2.067352976002225819e-03
2.562444368247772213e-03
1.856381636890659615e-03
2.332116740845636537e-03
-2.810205176468626859e-02
-1.215857104346990125e-03
1.004421348206370294e-02
5.072842237018222039e-03
1.377167123538701292e-02
-2.055422224533108924e-02
-8.555138322676380733e-03
2.703771993961280595e-02
-6.559203170520459293e-03
-3.910757401929830512e-03
1.078750264172641943e-03
-9.269412481563904516e-03
-3.578147274184282321e-03
3.626411378969534444e-02
9.354532841856458281e-03
-1.760136300126200273e-02
-1.877711389313899137e-02
-1.967066663404543753e-02
1.944022941551135130e-03
-2.054542303026517421e-03
1.819778162167566245e-03
2.540016833839804644e-02
-4.817039359054467104e-03
1.039937259773388196e-02
-9.145888063976087903e-03
3.422232792385101422e-03
5.957905194451902815e-03
-6.927945576775255618e-03
7.969192277359394075e-03
4.767892969074512613e-03
-2.212442098811919292e-02
8.621365837193636222e-03
4.033093368777062454e-03
4.244055259498750662e-03
6.404117597134158929e-03
9.038294977552924561e-03
-8.312969396141791376e-04
-3.514687282354818192e-03
-2.696155563617453829e-02
-3.801562716540266007e-03
2.119499495234796957e-02
-2.412891957763587877e-02
1.944102184210714374e-02
4.340161975090168697e-03
-3.728174612476192057e-03
5.387736901616119178e-03
-1.637313785556683207e-02
-2.541133037704700146e-03
1.442850217132129846e-02
-2.136561326367708829e-03
9.483672814676519236e-03
9.538795718799434123e-03
-3.805691544186236806e-03
-2.815358108705891520e-03
-4.340680411294630704e-03
-5.200788713529439986e-03
2.234096702673547038e-03
-2.472592571150828908e-03
-1.392400703341841427e-02
8.625708872248415149e-03
-2.689456240251541543e-03
4.033346324782226440e-03
9.360381191331075199e-03
-1.014311133441260677e-02
9.678492545550542586e-03
7.997681282336580738e-03
-2.394159700637740057e-02
-5.332148318441234415e-03
9.334390345102054273e-03
2.249064620314571161e-02
1.861799772431755847e-03
3.107745435661183209e-04
-4.271501167647071169e-03
-4.512118550301051981e-03
-8.438158156410493355e-03
1.111167586318598200e-03
-3.241950943740044399e-03
7.694697374837498188e-03
1.075387001515978706e-02
-9.614648676107059172e-03
-1.633942508465278248e-02
6.756969808434555450e-04
-1.319462931021718292e-02
3.103783408861784943e-02
-5.320725736247457205e-03
5.603355239084035523e-03
1.602646390923320729e-03
-7.635933361868806751e-03
5.684953169767332538e-03
-2.276246499126557358e-03
-6.269715321489004178e-03
1.264571691191101327e-02
-7.000988014002078666e-03
-1.433570515761839470e-02
-8.497394803410934696e-04
6.672283058155966361e-03
-2.729551182097349985e-03
9.203096135182466803e-03
4.021863981784769672e-04
-1.390455616841647021e-02
-9.777944061904336476e-04
1.983065884404383063e-03
1.364538530951254353e-02
-9.476003932069047148e-03
1.299998985128913639e-02
5.103197535303487589e-03
2.965308605367780476e-03
-4.364320217366655583e-03
-1.096882268930396810e-03
-1.841824756316643233e-02
8.492801666012376668e-03
1.312547163560020625e-03
-4.888923127826737790e-03
1.815797535500102882e-03
1.797053448342802659e-02
-1.549919823742361598e-02
-2.265855774170119716e-03
4.286544674575882554e-05
4.763387304974451945e-03
4.503638297385772170e-03
-1.866735781096234489e-02
-6.221508426934387742e-03
2.028460982434661993e-03
2.040816550971820062e-02
2.852453995320199977e-03
1.847520320316012711e-03
-1.045427458277177653e-02
2.229783471050251695e-03
-2.124520358812440231e-03
-1.456199571405617475e-02
-4.936699579021981525e-03
8.712936666097948618e-03
9.703660479776842623e-03
3.565961994269128271e-03
1.438162136123786843e-02
2.238138969648683588e-03
-1.023275956397630068e-02
-1.049650376215633535e-02
-1.008059595066664212e-02
1.611303466134202545e-04
9.073422684382017461e-03
4.426268973238860725e-03
2.633227332447245651e-04
1.448198185092620938e-02
-6.398486231009094770e-03
-1.191002630770385956e-02
-4.397112964880081978e-03
4.118134906708761749e-03
2.075998429699693702e-03
-3.470888536537450851e-03
-4.647442400257628149e-03
1.815327408780719604e-03
6.794153030310871692e-03
-2.816466359055080915e-03
1.261385525249090339e-02
1.516141380755443597e-03
-5.750136375054383693e-03
1.832158208055504863e-03
-2.385823732259369863e-04
5.296677593591533201e-03
-1.097928637616786204e-02
1.144817807871746510e-03
4.795117322148172720e-04
-1.287757442887102694e-03
2.998989188919375017e-03
-1.282291607025682831e-02
-7.304919541050547242e-03
-2.962715085358459764e-03
2.750391497611106434e-03
2.957710850152963852e-02
8.030196584775500454e-03
-1.418572692680511969e-02
-6.759512476270596384e-03
-2.434487458423952380e-03
-6.457062573152467719e-03
-1.225145170186726744e-02
1.585057202535564494e-02
1.539988629123255001e-02
-5.793203834143115932e-03
-3.180815492152769524e-03
1.039909806636100942e-02
-3.586971889649992994e-03
6.764883219210642874e-03
-1.395986679243588560e-02
-2.801447843831530136e-03
-9.624474214364612049e-03
1.263929917197885574e-03
-9.342741573642536143e-03
5.965206661172113393e-03
6.905887061419008210e-03
9.427740199962935524e-03
3.547762170464968841e-03
2.804762507103158217e-03
4.948184542400715057e-04
3.881669789834142452e-03
-2.607479226021398866e-03
2.797957128288597849e-03
-1.151134422785074843e-02
9.637303413857387438e-03
-1.413720759552776138e-02
-3.051337250978613646e-03
2.829902855642744183e-03
-1.853155422453085202e-04
3.052354987887486836e-03
-5.966403631058465364e-03
7.162531092604524502e-03
1.495584019104343083e-02
4.998751963239617471e-03
-6.088586901855318721e-03
-6.412642732062600291e-03
-2.028052453912944364e-03
-1.039059264285363375e-02
2.954877913963454249e-03
-5.504271648594545076e-03
1.141845468000301763e-03
1.213638664156306383e-02
-7.236957266884284229e-03
8.037230562317211266e-03
2.415463655384255184e-03
-9.198931788501242199e-03
3.690982735835684255e-03
5.812038245801059468e-03
-7.325657990783621988e-03
1.076516997323131303e-02
-6.084371137955697090e-03
1.554275245277327673e-03
2.185587490439372393e-02
-1.424014342161671227e-02
-6.322149858120110558e-03
-5.542139271431526713e-05
-1.077162102727282841e-02
8.066357868006985427e-03
-6.368673976953897163e-03
1.420839322992111832e-02
-4.860282918430446769e-03
-8.152575770251428678e-05
6.885090865628554040e-03
-1.433685232299333930e-03
-1.596823916789925565e-02
-1.827317170032160838e-03
-3.065723457327814306e-03
-3.954420043873140521e-03
2.102458191693315839e-02
6.790689364915819710e-03
6.263336171128813801e-03
-7.489140526069970605e-03
8.781642872812417053e-03
-1.470121430161037230e-03
4.751428749562378560e-03
-2.080014986027335644e-02
-1.704544734734000574e-02
2.746512805238198168e-03
6.749501644131785001e-03
2.120195382247743506e-03
-3.761349493029995505e-03
8.884663565162091714e-03
3.088709651349450750e-03
2.562663218185250429e-03
1.101267473165840581e-02
-5.497993855636550825e-03
-9.339439226911340139e-03
1.316953346018966998e-03
5.132777637772244347e-04
1.946919278580129184e-02
-7.852164634330019086e-03
-9.347473329781258097e-03
-2.337174394398916760e-03
-1.928363641342322604e-02
1.070525241651719070e-02
9.917633657627827545e-03
6.295438892540015843e-04
-1.270003350437899116e-02
1.431381296837178248e-02
8.350222490965689137e-03
-4.778304271550569936e-03
2.593759198368163644e-03
-1.784737358286516340e-03
-1.017149386377919941e-02
2.628057937830025927e-03
-7.425426730019294742e-03
1.363570485759085099e-02
8.348559133140111971e-03
8.731831977699397798e-03
-1.446507871493156114e-02
-1.577310141261253212e-02
1.270405089388618701e-02
-3.566138195397467250e-03
1.525971217153674481e-03
6.528622819340189863e-03
2.675301935360434660e-03
5.700943304371527964e-03
-1.069300916800180329e-02
1.606298601321256821e-03
-9.360276003266658484e-04
4.994472955119561366e-03
-6.384113634754783745e-03
-1.024190387874492200e-03
4.513736412210772424e-03
2.574355725957244365e-03
-3.889139204271392994e-03
8.091264417362170136e-04
1.078224370901916147e-02
4.552249635409541355e-03
-1.738270216260617840e-02
3.109634660182813482e-04
6.110873331855915967e-04
-9.599294901481114336e-04
-4.139130507017917647e-03
7.095284554947723504e-03
-2.684943991557391281e-03
-6.298159199151400454e-03
2.661388991214685192e-03
8.744635475419818699e-03
2.541205244948984213e-03
-6.560530741307698567e-04
-9.022360312707601235e-03
-4.328609193883517178e-04
-4.656161369156785676e-03
3.092425897921296553e-03
3.968005975724632310e-03
1.737642118382207862e-03
1.110140143598707489e-02
5.376531396560472326e-03
-1.482201827645850123e-02
4.701826066185260493e-03
-6.449600297074187943e-04
-1.700432039307637642e-03
2.006864586090019963e-03
1.677854803436055857e-03
2.624599994042210987e-03
1.775291827252573540e-03
-2.707154503662800513e-03
8.661942562266975549e-04
-2.399404419549552598e-03
-3.729545418154033010e-03
3.999445168783115866e-03
-5.770054547842824212e-03
-6.879855462726670173e-03
-1.781275769275834355e-03
2.711738226246027551e-03
1.171866462163766859e-02
4.410054455556550873e-03
-3.988284622547465762e-03
1.232740957834011289e-03
-1.578567888792293573e-03
2.449939325568886023e-03
-4.225673731081427921e-04
-1.357752010767066496e-02
1.759235054003700489e-04
1.283586109436193716e-02
3.896413357346142740e-03
-1.428027607260034474e-03
-1.884561317418506935e-03
-1.489023182752368529e-02
6.650928475942810732e-03
4.155793668602171531e-03
-1.586377905618553382e-03
-1.653293811578127742e-03
-3.223329144562125763e-03
-1.667649345842582651e-03
2.697398324467008973e-03
1.086192662357868439e-02
1.126647780988766214e-03
5.116381838501533538e-03
-1.156546913708569359e-02
1.042552559143865949e-03
-5.552860681401265014e-03
1.970632468483731294e-04
2.606655378536565197e-03
4.572737091317342038e-03
-7.011262742449222637e-03
1.023402165735619838e-02
-1.034215594447950200e-02
8.858828158552583404e-03
-5.997447437656661280e-03
5.039750700242620358e-04
-5.730480875599657485e-03
1.187328072390212048e-02
7.235610347194068592e-03
-1.453650841393249078e-02
-6.683388121286138427e-03
-7.852268423519511917e-04
1.714578385590349494e-04
5.559815806872366734e-03
-8.899864542166197739e-03
1.138218106587130917e-03
5.624677537688894079e-03
1.139729644569036950e-02
5.243753849300454919e-03
8.976039148646772518e-04
1.975582021012366792e-03
-9.065120196428472958e-04
-7.816392084580809502e-03
3.621900572839523158e-03
-1.098673351011821703e-02
-3.839610990915564258e-03
-5.470031315133315475e-03
9.342372282883048412e-03
1.941740505139175239e-03
5.451421469774142894e-03
-2.814170730756717243e-03
-5.831473826535068898e-03
-1.071046483903164911e-03
3.507597528226902208e-03
6.671223633427242512e-03
-1.051509618142518546e-02
2.930084740929534207e-03
1.482590402405426118e-02
-1.064115806110600519e-02
-6.115150897311328292e-03
-1.258200186253746701e-03
-1.271226639319511043e-03
3.128378194260721459e-03
-8.615280582410988694e-04
7.496682678445961909e-03
-2.120794717684699494e-03
-3.459721896803111176e-03
2.045474097067379558e-03
-1.707020305049995528e-03
3.605879470934404089e-03
-1.908729980749263987e-03
-6.577215267757037000e-03
4.267114719626537199e-04
4.875677343332280277e-03
-2.288801667001540401e-03
8.822015796924344982e-03
-1.479119087937266286e-03
-1.136277944263372301e-02
6.019433314158694100e-03
3.197112166419144742e-03
-7.893747110594980334e-05
9.222360716186640134e-04
-3.981674528514784171e-03
4.296431694798937863e-03
-2.004911322856562511e-03
-4.495933840758011522e-03
-1.287571848555944419e-03
4.705574192819848324e-03
-5.246922949907959800e-03
-3.919588729313204338e-03
6.570494069971720766e-03
2.050613720812732594e-03
6.519728425690618414e-04
1.109224090329637494e-02
-2.848087075366857301e-03
-4.979244124187197709e-03
1.473886846207967619e-03
-4.429384539016030346e-03
-1.057968080179159769e-02
-4.513931578363043762e-03
9.153278485641619736e-03
1.493961321774597015e-03
7.618650363552129622e-03
2.910766928879386563e-03
-2.267929896968548607e-03
2.147453342358684927e-03
2.123347914976592577e-03
2.065929603271436969e-04
-7.167429649049171514e-03
1.075289897096141749e-02
-4.078141728374556386e-03
-3.913329557834800167e-03
-1.212323727183298129e-03
-7.014261266863536844e-05
-5.239598855956324741e-03
1.385764929014984565e-03
6.854528889172982996e-03
-9.733847930414753604e-04
-6.998465946002098426e-03
5.696695563690914142e-03
1.139395927611373290e-04
1.017985615074490542e-02
-1.901142041945103295e-04
2.793531210468891586e-03
-9.033588362361294347e-04
-8.424578187062171583e-03
-4.209800413151329641e-03
-6.075994965280961425e-03
-4.133982379306525012e-03
5.300764010827283858e-03
2.127949299553154924e-03
3.497625226898737078e-03
2.089011912750336243e-03
2.197705925471484054e-03
-8.338303481416871679e-03
1.439727230036287609e-02
1.266673464001409621e-03
-8.389246170679022507e-03
-7.518187488932551524e-04
8.094181130241925523e-03
-7.550510895780872082e-03
2.613264252695731652e-03
6.218652583079153397e-03
-7.525016244709191102e-03
-2.992998109815947320e-03
3.042138468798739198e-03
9.139950620944076523e-03
-1.341866849640881241e-03
-1.031889607273752708e-02
-2.455117139370189151e-03
8.131076490942759638e-03
-1.557036458047150480e-03
4.494609474762840257e-03
1.390389116933172901e-03
-1.706061040650607569e-02
6.179509681357884740e-03
3.780846642784361795e-04
-9.613253421284034773e-04
-4.741868710082595257e-04
9.200115128086388747e-03
-1.135429223952136128e-02
2.472081442913867579e-03
6.605484006923195532e-04
1.751129576817475652e-03
1.988470275482362177e-03
-2.620213106307353688e-03
-3.484802097219613821e-03
1.687066492721513416e-03
-2.457755427435866918e-03
-5.708796389247053349e-03
2.367947234459738862e-04
4.417573700188741348e-03
6.023748801625613755e-03
-9.568165409656316468e-04
4.024150276811525734e-03
-6.924697737180634952e-04
-1.422417865701192628e-02
-4.917377462712806992e-03
8.678650407298375141e-03
5.809069696280863733e-03
-4.912313186730177944e-03
4.274364257227191051e-03
4.557499955019601390e-04
-3.028344730853373785e-04
-1.129829655370142259e-02
3.791973792168282925e-03
1.108561159785913762e-03
4.174473579125997751e-03
-6.420117653139472552e-03
3.278470620207098694e-03
5.035835478416654173e-03
6.705563426288361053e-04
-8.428311447608827570e-03
-4.660267809260519329e-04
6.942322976465264885e-04
-6.780253929263875892e-03
3.911821414041866986e-03
6.618876469619104988e-03
2.926079710942232435e-03
-2.119901511072982535e-03
-1.057060137811010811e-02
-1.903541616643242241e-03
2.514481957319931061e-03
1.038584794062085391e-02
5.280231463094575521e-03
-1.049605959936811793e-02
-6.146151370108026563e-03
2.721918921515173017e-03
-3.992263713919752544e-03
-1.483711067843353736e-03
3.392277242479846064e-03
3.098366417374538977e-03
-2.401513029799806371e-03
3.711043036628368982e-03
2.710648038957963989e-03
-9.208803854558282858e-04
-3.839110497770911474e-03
-6.736060628216205930e-03
9.074123443769845435e-03
-5.732023026176343797e-04
-3.465797278050846298e-03
-7.586425635908105409e-04
3.517213413887386106e-03
-1.222743636430537000e-04
-9.206940010366628391e-04
-1.230001097147518209e-03
-4.808253814159382453e-03
-3.078789981874711489e-03
9.682310953581041782e-03
8.420533600764243485e-04
3.625478028640668517e-03
-9.661103715131512046e-03
-4.842566767496218026e-04
1.385605867774871531e-03
1.588879118464204014e-03
4.896063812506592366e-03
2.528666583247978720e-03
-9.654244708612549257e-04
1.804381824371260358e-03
-2.589065798551745332e-03
-9.036931830601494051e-04
-1.607107719654929379e-03
3.095943956381939227e-03
-3.726808193991695828e-03
7.529305560600525228e-03
-6.027289447854381962e-03
-5.648633270602327998e-03
8.101986319129936276e-03
-6.313403266130343983e-05
1.577281737725742946e-03
2.376404111132061382e-03
-4.479983119030101629e-03
-1.381973832923568974e-03
1.815056915881151740e-03
5.731084904003963705e-03
-6.107922647987261075e-03
2.046153876147227459e-03
7.941902892333744580e-05
-3.586958041189446719e-03
-2.764921413218356279e-03
2.288443671587590475e-03
4.960320076176042738e-03
-9.551268680367999264e-04
-5.644036297323694155e-03
4.150023044234386958e-04
5.840680419468399255e-03
3.446248916616394611e-03
-5.483074847247908440e-04
-2.457777958599239448e-03
2.728616582840582769e-03
-4.199082104685494463e-03
7.105757079592122424e-05
-4.114438444412668767e-03
6.653310230614423344e-03
-5.744123280112613077e-03
1.572797801342839434e-03
1.618976367058138710e-03
4.035186537773480762e-03
2.530754936996784926e-03
-2.242398603360249831e-03
2.766726720984310616e-03
1.076884508156147110e-03
-1.508517683926091776e-03
-6.941346871372021561e-03
-3.682237774846205090e-03
1.918287109790776804e-03
6.564773606120687804e-03
4.509959272077354586e-03
-7.496231996750700108e-03
-2.252228322696506451e-03
2.987903093714007561e-03
3.395307011268389186e-03
-8.269630432685257451e-03
5.947614160044532687e-03
3.064405420727793830e-03
-1.017384654771001174e-03
-1.063174838484093332e-02
5.234312220016618285e-04
3.917818726781389406e-03
2.669469524714830014e-03
-2.682023266917377483e-03
1.478622358220342027e-03
6.802517454589004572e-03
-2.105115340277170712e-04
-1.998891767933222256e-03
-2.999858129899344965e-03
2.101695039515407652e-03
-5.444086321352456471e-04
-6.670035309833790942e-03
1.123744807016563039e-03
2.988492767792724075e-03
3.021090304882245248e-04
-2.398045732115967801e-03
-7.402106010697174793e-04
2.105478878661230183e-03
2.516825896069092502e-03
4.878297059059510943e-03
-1.861861437812488548e-03
7.000604894858343140e-04
2.178242859848878235e-03
-3.955440092315477482e-03
-5.120094756326153129e-03
1.783968553178298720e-04
5.661553136778615936e-03
3.129259771194119102e-03
-6.356726914291892239e-03
2.615664821228292584e-04
-1.423764178082972953e-03
6.995643075648485046e-03
-7.105118188772685528e-03
4.630720358837781274e-04
2.968570557875312155e-03
3.213506066973740444e-03
-5.565492137583262933e-04
-4.643783412008190004e-03
-8.121701769440338317e-04
3.842500108344487891e-03
-1.811104895112922598e-03
-1.143768887695904499e-03
1.287721403983296820e-03
3.960528937112589402e-03
-1.992784046072853046e-03
6.233524030672057828e-04
2.871926057651528856e-03
2.625039018963359980e-03
-3.245558604976576163e-03
-4.990635135000371335e-03
1.130931976890897769e-03
1.948165050218321004e-03
-1.129898070750693772e-03
1.047180940379563267e-03
-3.655309707152042901e-03
3.100740323359402455e-03
3.342131159528441485e-04
-2.752040930740148016e-03
1.823094524992239932e-03
5.808236799075823346e-03
8.812453330979916908e-04
-3.018365816676436397e-03
-2.105245986695849266e-04
-1.057904715692455522e-03
-1.674662833271639995e-03
-2.800060318742832524e-03
-1.551296884318414037e-03
3.963808722151464584e-03
2.788909536681439746e-03
2.063137697945290148e-03
-5.969862105008314802e-03
4.372352510096409045e-03
2.217022455995343398e-03
-1.445894038624846245e-03
-2.606901347864007575e-03
-2.474019128829628867e-03
-6.492873933527586964e-04
4.785273205072783451e-04
-2.988809597783263251e-03
3.542935557587286767e-03
-9.121116066850675896e-04
2.924788195107783442e-03
-1.303289251518101495e-03
4.214329671904251153e-03
-7.957685819015659695e-04
1.154650282775426676e-03
3.722199117917998536e-04
-4.480708319579291546e-04
2.222044153932170238e-03
-4.108420542369578717e-03
-4.297692212028994064e-04
1.392328650465926966e-03
-1.249102434457283715e-03
-3.357281925656121352e-03
-2.767843681546746423e-03
3.262897869368143293e-03
-2.217731364428531901e-05
3.628462516179901606e-03
-2.026703569358103557e-03
3.533401971521383557e-03
2.661775402068658220e-03
-6.730197137121607300e-05
-2.678168131300141634e-03
-1.213971573562658626e-03
-8.354725965543334651e-04
1.208782293918869103e-03
-9.017021841647498504e-04
-1.562220023621281595e-03
6.322507682726562130e-04
4.817625228281511066e-04
1.737907087213819840e-03
-8.883414480204114170e-04
-9.644208793864090818e-04
1.132557768734671153e-03
-9.033136425231787486e-04
4.660937079666228780e-04
-2.983917017296090551e-04
9.057490651507637625e-04
-9.452032309643767843e-04
3.731563083985869715e-04
3.604796219250497487e-03
-1.847640650273149132e-03
-2.942905015756969514e-03
-4.588020598900056772e-04
1.406427133924058499e-03
2.827600935482977532e-03
-2.450059015878269277e-03
1.283706135141063614e-03
-1.437482234926493315e-03
1.102422200642674171e-03
8.186143891768893430e-04
1.754914664467085083e-03
-9.856986314935468202e-04
-2.307051713229759608e-03
-2.531557834636299887e-04
1.647091012478211223e-03
1.096897201663237431e-03
-9.042989689062155617e-04
-1.767693992378662621e-03
-2.007363359179004113e-06
1.662818012899224592e-03
1.522430114662788993e-03
-1.571626645229708434e-03
-9.960505192018985487e-04
5.692206049597287433e-04
3.627140180052945586e-04
-1.353876081415282073e-04
0.000000000000000000e+00
