1.330707813229199928e+03
1.217795481299826861e+03
1.201078975378874929e+03
1.190256177149335826e+03
1.180823234044291439e+03
1.172533550943239788e+03
1.165214113122542358e+03
1.158526031288789682e+03
1.152104595718730934e+03
1.146083443302229171e+03
1.140127363611302599e+03
1.134544616672783604e+03
1.129141025801297928e+03
1.124194178928795509e+03
1.119151814366648750e+03
1.114435185141720922e+03
1.109752866781203011e+03
1.105322929634850652e+03
1.100838188029216781e+03
1.096411446956996997e+03
1.092176974692212298e+03
1.087871270524237161e+03
1.083663113335668413e+03
1.079458366942755219e+03
1.075403761810099240e+03
1.071329022184287624e+03
1.067463114958357437e+03
1.063489946358541602e+03
1.059607998601459713e+03
1.055725932996101392e+03
1.052011225508458892e+03
1.048119516273949557e+03
1.044564821472625681e+03
1.040871448610407697e+03
1.037164466539469004e+03
1.033553121801533507e+03
1.030279356983335902e+03
1.026730852491762789e+03
1.023294708106705002e+03
1.019713633250208886e+03
1.016365798582750131e+03
1.013019208517072343e+03
1.009678905441416532e+03
1.006164178427031061e+03
1.002812581205812421e+03
9.997393901815595427e+02
9.963349547783894877e+02
9.931846888010387602e+02
9.900399337729774061e+02
9.869167044952582728e+02
9.837518929923197675e+02
9.806425735475218062e+02
9.775297236440777624e+02
9.745304216732952227e+02
9.718073530587746518e+02
9.686660339305449270e+02
9.658012476129691777e+02
9.628097655504590193e+02
9.599755634298585392e+02
9.571024125667682938e+02
9.542578550440098297e+02
9.513283338567239298e+02
9.485664181194966886e+02
9.455443322115379488e+02
9.426255479582470116e+02
9.399276139447351852e+02
9.371740242786129329e+02
9.343679786289543472e+02
9.315176135111869371e+02
9.287962415204657418e+02
9.260307132027076022e+02
9.232670891987858113e+02
9.204294312374171341e+02
9.177732665911914864e+02
9.151413762094895219e+02
9.125623911701864017e+02
9.098005511681263897e+02
9.071051924031966109e+02
9.045438433331954684e+02
9.019879402235609405e+02
8.992607599959663958e+02
8.964535165440125866e+02
8.938463869446605941e+02
8.912234131705602067e+02
8.887727269339520717e+02
8.860626533030363134e+02
8.834173805311618253e+02
8.806858907522929485e+02
8.780976754797801505e+02
8.756806313416070680e+02
8.730683212056909497e+02
8.704521551892561320e+02
8.680708323039713150e+02
8.655753422433905371e+02
8.632221284338904752e+02
8.608287475798391597e+02
8.581790578740227602e+02
8.557786660823298917e+02
8.532535101175785712e+02
8.507711947908734373e+02
8.482381960687497440e+02
8.456030071890544377e+02
8.432373241850388013e+02
8.406249561485077493e+02
8.381383176078388715e+02
8.357835689129800585e+02
8.331365158778511386e+02
8.309133364751519366e+02
8.284647420757394229e+02
8.259460014841851034e+02
8.234964574654234184e+02
8.210515772360552091e+02
8.188718473874380379e+02
8.164489902735504074e+02
8.141411604167390124e+02
8.116808561840360881e+02
8.093475435474603046e+02
8.068326661582497081e+02
8.044919658755990213e+02
8.022982618588575860e+02
7.998604152796159497e+02
7.976264986051414780e+02
7.951079464131923942e+02
7.927597536553556665e+02
7.905815147841926773e+02
7.883842777317997843e+02
7.861192389823605708e+02
7.839904717928902755e+02
7.818065373507422464e+02
7.794505149807013140e+02
7.773497708516619014e+02
7.750957487364877352e+02
7.729657644121323301e+02
7.707490338801753751e+02
7.684510087881631080e+02
7.664714770721476498e+02
7.644198794011997506e+02
7.620587030324888929e+02
7.599689278926291536e+02
7.578561609508049060e+02
7.555730438168588989e+02
7.534537881331137896e+02
7.513227778549264713e+02
7.493258168661088803e+02
7.471639815959410953e+02
7.451736724641754108e+02
7.430812224290714312e+02
7.411903716295907998e+02
7.390645636838952441e+02
7.370039347209160496e+02
7.349249916801127256e+02
7.328483274592060752e+02
7.306588222085085818e+02
7.286528460065368336e+02
7.264880133714012800e+02
7.243937982105416040e+02
7.223911065463527166e+02
7.203285593575176335e+02
7.182151784257971485e+02
7.161003357174986377e+02
7.141086977004201799e+02
7.120012490081728629e+02
7.099843747816165660e+02
7.081312299446522047e+02
7.059565892980141371e+02
7.038945262264116991e+02
7.019996335813332280e+02
7.001057461169040153e+02
6.982792223581134294e+02
6.961478932713716858e+02
6.941462900591093330e+02
6.920534620552541583e+02
6.901093113927724971e+02
6.882749479268718460e+02
6.864085443630453938e+02
6.843417475891931190e+02
6.824741694403721795e+02
6.804728465702520452e+02
6.785339112995528694e+02
6.767159148986423816e+02
6.747560274357482513e+02
6.726875097091639191e+02
6.709531088577278979e+02
6.689693186212134606e+02
6.671418796534144349e+02
6.652370099296030048e+02
6.635602095664341959e+02
6.615922514472749754e+02
6.598035688890666961e+02
6.578771335921131822e+02
6.560463962829653610e+02
6.542188540451804784e+02
6.522318517770925155e+02
6.504217891195255561e+02
6.484953834864793407e+02
6.467043694799633613e+02
6.448475650225732352e+02
6.429010715055341052e+02
6.409314203412019424e+02
6.390421667488897128e+02
6.374190252595677748e+02
6.356392173729309434e+02
6.338014131555534050e+02
6.319626352325188918e+02
6.301737482795085725e+02
6.282833361668522230e+02
6.264347698571397132e+02
6.247149248161590549e+02
6.228441866787544541e+02
6.209942664136444819e+02
6.191936287323385386e+02
6.173435876085396785e+02
6.155534768180590390e+02
6.138818473775861548e+02
6.121852757840413233e+02
6.106836916913711093e+02
6.089049141396769755e+02
6.069925999936842800e+02
6.055222474753934421e+02
6.037046390485982101e+02
6.018321862422349113e+02
6.002962315043160970e+02
5.984376648830751719e+02
5.966882648093708212e+02
5.949816325166630122e+02
5.933175444935496898e+02
5.914810055940498614e+02
5.895636475787050585e+02
5.879875322206598867e+02
5.863916252731842178e+02
5.847456073435779444e+02
5.829979351881494267e+02
5.812563500570386168e+02
5.795485189626963347e+02
5.779600115726059357e+02
5.763653322294677537e+02
5.748106081918833752e+02
5.731146814041138668e+02
5.714414674769848261e+02
5.700016435160140418e+02
5.682175508545512912e+02
5.667148712464063465e+02
5.649828399170542070e+02
5.635350757681844698e+02
5.619809965643440819e+02
5.603982266645555228e+02
5.587791319816349187e+02
5.572033117195585419e+02
5.555580171576702924e+02
5.539604589717256431e+02
5.524343520665448750e+02
5.508406197535144884e+02
5.493526792876180025e+02
5.476982839309409883e+02
5.461728224215062255e+02
5.446515616015490195e+02
5.432449068186806471e+02
5.416985999648782126e+02
5.402327888806083820e+02
5.385387499352975738e+02
5.370091342986886502e+02
5.354750217856771997e+02
5.337998348822999333e+02
5.322259826470860844e+02
5.306066643982391042e+02
5.290854208766261308e+02
5.274049135472031367e+02
5.258329186689011294e+02
5.244366425987917637e+02
5.229707082924450106e+02
5.214778400561291392e+02
5.198747821462818592e+02
5.183348249362264824e+02
5.168030806160002157e+02
5.154529762160581186e+02
5.140507971953633160e+02
5.125300222736485694e+02
5.110008881130565896e+02
5.095142166671583368e+02
5.080414845498718250e+02
5.064487671437306062e+02
5.050265817936200392e+02
5.035538048592110272e+02
5.020489097962598635e+02
5.006299121050430472e+02
4.991590833201300370e+02
4.977189544039337648e+02
4.964900807051876654e+02
4.948680437164474029e+02
4.934063553905044728e+02
4.920567945173006592e+02
4.907601033465150522e+02
4.892028697946225293e+02
4.876956580001345856e+02
4.862598672200355736e+02
4.849315745661668871e+02
4.835713091270536097e+02
4.821333616600409755e+02
4.808224499834423113e+02
4.794446201549356488e+02
4.781614530425550242e+02
4.768630739420985947e+02
4.755428768488228002e+02
4.742522959775249660e+02
4.729455604292124917e+02
4.713849839287912573e+02
4.700857022366000706e+02
4.687248943188470207e+02
4.674910168307516756e+02
4.661791597577248467e+02
4.647589339481482966e+02
4.633432840240276960e+02
4.620016037322365037e+02
4.606201425123481954e+02
4.591608795253436597e+02
4.578853398484166632e+02
4.566587326432103850e+02
4.552702267505676446e+02
4.539565856353160029e+02
4.525958549454869058e+02
4.512654897483795366e+02
4.498032862668189296e+02
4.485430309210239557e+02
4.471968566756082737e+02
4.459296386898581659e+02
4.447496621172246591e+02
4.433944808295145208e+02
4.420500989074905078e+02
4.408364300974059233e+02
4.396127307785450284e+02
4.382780005088647499e+02
4.371400898510995603e+02
4.357387796021392319e+02
4.345166593594276492e+02
4.331398117779412473e+02
4.318788732646465292e+02
4.305137817818493318e+02
4.292238850961173853e+02
4.280845547250222580e+02
4.267184048531690905e+02
4.254812118652035338e+02
4.240630518583353137e+02
4.228558404617585893e+02
4.216559434727749931e+02
4.204799525549194641e+02
4.192344338516738844e+02
4.178515941112070209e+02
4.165566031727218501e+02
4.152166329411488732e+02
4.139088561368812975e+02
4.126318814634620367e+02
4.115027825697729327e+02
4.103304642581725830e+02
4.090383336378495756e+02
4.077132831846396357e+02
4.065494821351056771e+02
4.053846633400666519e+02
4.039501328688786543e+02
4.027935611880453166e+02
4.017412318263699262e+02
4.005125127838642243e+02
3.991952228850684605e+02
3.979874064766341348e+02
3.966871765762589916e+02
3.954473240456332519e+02
3.943388737325756210e+02
3.930143347042169353e+02
3.917711513869325586e+02
3.906035753756675035e+02
3.893047362087373813e+02
3.882635986051183181e+02
3.869690362063975044e+02
3.859237416418114321e+02
3.846842184186697864e+02
3.834855787057942393e+02
3.823208960094335112e+02
3.811874370874079432e+02
3.800819568856527439e+02
3.787948217886460043e+02
3.777834965762437491e+02
3.766030816684153706e+02
3.753690486000168676e+02
3.741531662996515593e+02
3.729780524810723250e+02
3.719425675315333706e+02
3.709320913215696578e+02
3.697612801955951909e+02
3.685354197282933910e+02
3.674979178908617996e+02
3.663266026427158408e+02
3.651779446052359503e+02
3.638939958410536519e+02
3.627355036887075244e+02
3.615520391830340259e+02
3.603471760147652958e+02
3.591705962697806171e+02
3.579745337637704097e+02
3.567263568148056834e+02
3.556295744166548616e+02
3.545669317264743654e+02
3.533368042560482536e+02
3.520508016733519980e+02
3.509224396956962551e+02
3.498142079285357795e+02
3.487098226850741867e+02
3.475472998525601724e+02
3.464562324337035193e+02
3.453030452845108584e+02
3.441594981786855101e+02
3.430104471714664669e+02
3.418090003376747177e+02
3.406746118690718390e+02
3.396688071449206632e+02
3.385817259110783084e+02
3.376512202470912030e+02
3.365164543147086533e+02
3.353510704216412819e+02
3.343966316018219231e+02
3.332191834569170510e+02
3.319610868446080758e+02
3.310117338408101659e+02
3.297902110481790601e+02
3.287825088217001621e+02
3.278000749645531755e+02
3.267363824893557762e+02
3.257694780250579925e+02
3.247217262028831328e+02
3.236781743541484957e+02
3.227061065480585285e+02
3.216231722161376183e+02
3.206718340954710698e+02
3.194599245564391481e+02
3.185812284148016147e+02
3.174705491869797811e+02
3.164156292037586127e+02
3.154787562552601798e+02
3.144962866762307954e+02
3.134173779583281316e+02
3.125403977394595358e+02
3.115515913577299330e+02
3.105155967128662837e+02
3.094236382265396514e+02
3.083632135319212466e+02
3.074709236197928703e+02
3.063091226600263326e+02
3.052635847857675344e+02
3.044867649447607505e+02
3.035945012912105767e+02
3.026283856061570532e+02
3.016152642887392403e+02
3.007255296405921854e+02
2.997335809402882774e+02
2.987803053597867233e+02
2.978256752548495569e+02
2.968000453149791724e+02
2.958713675679360335e+02
2.949567334911571947e+02
2.940239711358694876e+02
2.929890481776713500e+02
2.920748871038444463e+02
2.912230084768865481e+02
2.901521909568605224e+02
2.891849062551847851e+02
2.883622278145231235e+02
2.874491736460670950e+02
2.864159856181329360e+02
2.854362204815029713e+02
2.845504163703432710e+02
2.836409068944878982e+02
2.828533267655556642e+02
2.818386946965201787e+02
2.807500541134321566e+02
2.798445107981206093e+02
2.787714774378862330e+02
2.778609469978581501e+02
2.769508957684852817e+02
2.759197133287937618e+02
2.750863321069176095e+02
2.740589693004807827e+02
2.730798772085105384e+02
2.723044992256366186e+02
2.714062603463389109e+02
2.706073782424089700e+02
2.698385892709092673e+02
2.687516628098649107e+02
2.679465620413114948e+02
2.669952538198847947e+02
2.660111714198532695e+02
2.650451388387141378e+02
2.641976375712267213e+02
2.632666210431600575e+02
2.624169571559474434e+02
2.615028689767497667e+02
2.607826386367643181e+02
2.598678706003425418e+02
2.590367195362061921e+02
2.581613519134650119e+02
2.571636751840352986e+02
2.563719731845928322e+02
2.554447700905104170e+02
2.544698226787404565e+02
2.534346505957970521e+02
2.527129187856511692e+02
2.517669659357343903e+02
2.509546885712697417e+02
2.501844736714746773e+02
2.492600195195971082e+02
2.484140221586382609e+02
2.474647729563597238e+02
2.466105080973161137e+02
2.456596537113370857e+02
2.448202194461359795e+02
2.439258866657796432e+02
2.431091525875904154e+02
2.422561708599099859e+02
2.415018963502885470e+02
2.405846453533246461e+02
2.397020133427074597e+02
2.389968238634386068e+02
2.381014367955941680e+02
2.372150123438891569e+02
2.364028074050730766e+02
2.354594348787234139e+02
2.346545079398414657e+02
2.337606130672602092e+02
2.328459259943821849e+02
2.319957179205657383e+02
2.312048175223593489e+02
2.305302062562296896e+02
2.297301375573916857e+02
2.288583846432408393e+02
2.281412659576445492e+02
2.273130434148972938e+02
2.264495115685216433e+02
2.257148055057453462e+02
2.249220529712634118e+02
2.240458273969871357e+02
2.231790095858352743e+02
2.223335714687981977e+02
2.215854105144433106e+02
2.207684988145227862e+02
2.200428452575280573e+02
2.192018892535570842e+02
2.183978670442577084e+02
2.175834838470821637e+02
2.168985263738692026e+02
2.159437693963504330e+02
2.151226232295644252e+02
2.143594000288183565e+02
2.135650451137662458e+02
2.126861078973025485e+02
2.119524124611779712e+02
2.111900176356672603e+02
2.104755303332640892e+02
2.096762934330602377e+02
2.089548235720271805e+02
2.082172401622589746e+02
2.074421136022053531e+02
2.066459798931991827e+02
2.059652916218838925e+02
2.051047682036287370e+02
2.043951052333685823e+02
2.036506955228523736e+02
2.028132754454723283e+02
2.019970543502308828e+02
2.012524039049750115e+02
2.006262701477521659e+02
1.998220184341345487e+02
1.992551696878214784e+02
1.985242303619149027e+02
1.977623019157314275e+02
1.970437416153037304e+02
1.964055538252488873e+02
1.956853596289690813e+02
1.949725599187059686e+02
1.942770957736811681e+02
1.935727441211911639e+02
1.928595489608183016e+02
1.921102907885453988e+02
1.913483048353431855e+02
1.906253275823319200e+02
1.899429483353060846e+02
1.891889750551295606e+02
1.884396238322328827e+02
1.878486631005651475e+02
1.870364419501487419e+02
1.863207651508359959e+02
1.856642296108150276e+02
1.849775196704673021e+02
1.842822197818337884e+02
1.836189905696870710e+02
1.828584528331460604e+02
1.822332015181880820e+02
1.814928466137335761e+02
1.808000216696189852e+02
1.800619810648119881e+02
1.794040141337868874e+02
1.786068138086461090e+02
1.779437422487127378e+02
1.772038225869068526e+02
1.765411611022785507e+02
1.758130778683060100e+02
1.751374918209678242e+02
1.744640789473444329e+02
1.738205096747010714e+02
1.732130124408147935e+02
1.725343072204304065e+02
1.717870685819131324e+02
1.712088618012765551e+02
1.704647517198533819e+02
1.697926297095734469e+02
1.692011164145944804e+02
1.685541151438335135e+02
1.678761905999720341e+02
1.672335761115230923e+02
1.665688767996258832e+02
1.659450560428796280e+02
1.652840406441816583e+02
1.646780824049847922e+02
1.639377310212770169e+02
1.633623917431613108e+02
1.627276999281282315e+02
1.620063969716894121e+02
1.613855164322694122e+02
1.607081588634584932e+02
1.600455681192856332e+02
1.594673066340092191e+02
1.588184593478269164e+02
1.581818847447169674e+02
1.576144009990828749e+02
1.568778446968704543e+02
1.562614446727081940e+02
1.556937747522342477e+02
1.549929549457925475e+02
1.543316187495531153e+02
1.537714298173073075e+02
1.530655230611794480e+02
1.524197892417392666e+02
1.517756398378445226e+02
1.511682760138736796e+02
1.505811085826787519e+02
1.498951917189468190e+02
1.493508820273849551e+02
1.487564923033261550e+02
1.482548893476225658e+02
1.474836811153853375e+02
1.468148243642808950e+02
1.462599221903478508e+02
1.455440477385236022e+02
1.448868898950425717e+02
1.443511615703417021e+02
1.437084328122341219e+02
1.431037690507234288e+02
1.424206234152627815e+02
1.418858165897563026e+02
1.412543652700200596e+02
1.405844732709907419e+02
1.398723697305870814e+02
1.391939677127571713e+02
1.386791696792897994e+02
1.380644771820554979e+02
1.374635192060200097e+02
1.368514155011044409e+02
1.362718156639815277e+02
1.356770924964480400e+02
1.351095713705025787e+02
1.345216478316648931e+02
1.339795214085507098e+02
1.333391435876990556e+02
1.328131725780804686e+02
1.322491212437465720e+02
1.316599614925864614e+02
1.310980335923340476e+02
1.305077767011150343e+02
1.299460445683760952e+02
1.293635988772709879e+02
1.287369280290769780e+02
1.281759971252512571e+02
1.276115614214729561e+02
1.270761270671049630e+02
1.265406535351526003e+02
1.260011875676909057e+02
1.254092372056487221e+02
1.248311457881974604e+02
1.242671425899408320e+02
1.237282552191372247e+02
1.232714298828058759e+02
1.227030077042620348e+02
1.222988419611754694e+02
1.217526750829363635e+02
1.211681385209184612e+02
1.206505867537626671e+02
1.199080720381325307e+02
1.193941782086904624e+02
1.189017360483058638e+02
1.183842027185895347e+02
1.177867282987878923e+02
1.172776864239078805e+02
1.166545615734743251e+02
1.161366818684246454e+02
1.156197714580548848e+02
1.150706202834459475e+02
1.144965490453627552e+02
1.138788314732435225e+02
1.133139424445776910e+02
1.128392796257340507e+02
1.123182130564482293e+02
1.117394672002045013e+02
1.112142753101524306e+02
1.105603839655753973e+02
1.101021384564043615e+02
1.096023354768512945e+02
1.091095869457341223e+02
1.085523716057983563e+02
1.080284016503181306e+02
1.075097149582707061e+02
1.069786999105152034e+02
1.064583050570634697e+02
1.059651609399391674e+02
1.054349855591525937e+02
1.049115066949816821e+02
1.044402502206595216e+02
1.039739163884299273e+02
1.034325810479606389e+02
1.028591103717117932e+02
1.024657197176188674e+02
1.019516113639644459e+02
1.013338039542341704e+02
1.009090914119098699e+02
1.003290839293345016e+02
9.985531488440396686e+01
9.936349007089879137e+01
9.891570362098488545e+01
9.839751928448404783e+01
9.788711848277597483e+01
9.732844906723792633e+01
9.682232747015122243e+01
9.641840011757138029e+01
9.603730794227699619e+01
9.549669770659644996e+01
9.501006260040763607e+01
9.454732162874294943e+01
9.415971922336547095e+01
9.363596236078427637e+01
9.320987982818580520e+01
9.268995845316875659e+01
9.221114922239212319e+01
9.183535293778993491e+01
9.129067456256323965e+01
9.076989658007281037e+01
9.027435894277147099e+01
8.991492980730576789e+01
8.941395412694883760e+01
8.888666358820022140e+01
8.842825514858256497e+01
8.798655637049328959e+01
8.749689311526597635e+01
8.709560548777099598e+01
8.656218780227629850e+01
8.616450655047145801e+01
8.559557737386560916e+01
8.515540160318110452e+01
8.471663305561632740e+01
8.422252815458476505e+01
8.372547429751482184e+01
8.321148402233403374e+01
8.273704592306185646e+01
8.231277759864404686e+01
8.179803055981261650e+01
8.130005078090590587e+01
8.089252702299215514e+01
8.046057533217589253e+01
8.008304391605547323e+01
7.954578501926495449e+01
7.909785745343049257e+01
7.865074955002616264e+01
7.815733818739779792e+01
7.771795426809426033e+01
7.722990771365149953e+01
7.679694293429278673e+01
7.632883318933504313e+01
7.580838793687262012e+01
7.529104781714862327e+01
7.485217746860365651e+01
7.440478036341700374e+01
7.396857613377888185e+01
7.355384002002401189e+01
7.300706045179944681e+01
7.256203497664070312e+01
7.206075994419063591e+01
7.158130317573211698e+01
7.115846825835674849e+01
7.064477740508209536e+01
7.030628050787520067e+01
6.983344172242614434e+01
6.934453058682463222e+01
6.888371677722450670e+01
6.841855114540665284e+01
6.801730066147052867e+01
6.761136418151347982e+01
6.715846116667111687e+01
6.678748808163571482e+01
6.630935565000686438e+01
6.585728100039206367e+01
6.543203658911021137e+01
6.502539113956405004e+01
6.461786332183964987e+01
6.413277528341637890e+01
6.377183413190904560e+01
6.329592060673338949e+01
6.287678506385113764e+01
6.252955857388508321e+01
6.209047711464965857e+01
6.165436838955011467e+01
6.123481156321973629e+01
6.085156479014710129e+01
6.044291041601351111e+01
5.999648066581527672e+01
5.959078661534503141e+01
5.922050491575638631e+01
5.871761790883023480e+01
5.842319443721282113e+01
5.795652989590544024e+01
5.753445953060106888e+01
5.705368911481900795e+01
5.670633165636382245e+01
5.628986577563077986e+01
5.586224446079606309e+01
5.545346889509993815e+01
5.500854791909292629e+01
5.458766118320046701e+01
5.413818969796841429e+01
5.376144204649930458e+01
5.342709966246069087e+01
5.294908207045220649e+01
5.253639526459890163e+01
5.206828035568753421e+01
5.167641863075567699e+01
5.129178914464687722e+01
5.085160316290178173e+01
5.051083370870181000e+01
5.003815416993602838e+01
4.964517588333509224e+01
4.929444077693173654e+01
4.889601185365358305e+01
4.847870497533312317e+01
4.809516934373544927e+01
4.771978914958481255e+01
4.722563126849613013e+01
4.685238652947855797e+01
4.648426745413844685e+01
4.608961270704784852e+01
4.576603220480808432e+01
4.534316502063708043e+01
4.491887550099269077e+01
4.458516593937849848e+01
4.417246765658612162e+01
4.381349738579635300e+01
4.343515049366558856e+01
4.306561853262628858e+01
4.271020626351031524e+01
4.235500303964276725e+01
4.200548573371988681e+01
4.162807109805849848e+01
4.127117536745971904e+01
4.082169884135397098e+01
4.047820784123676674e+01
4.012402343773233326e+01
3.974676917604989512e+01
3.935744128019478438e+01
3.896975503883931680e+01
3.861038067353078418e+01
3.823006227743146468e+01
3.784717190367739192e+01
3.751575647560119364e+01
3.711987565108722720e+01
3.667439994926950675e+01
3.634507375727574896e+01
3.595406132259816445e+01
3.556967513162380357e+01
3.516286069637003209e+01
3.482749717741372564e+01
3.446939252234117390e+01
3.411099219190327148e+01
3.377443500404643117e+01
3.336946797507408036e+01
3.303861191318727464e+01
3.267099970083908289e+01
3.235035076129740617e+01
3.206836763078685237e+01
3.177555407121882070e+01
3.142620503146555322e+01
3.104232152985423454e+01
3.071451103827530105e+01
3.036337568702630563e+01
3.001994678297677055e+01
2.963397466094573929e+01
2.929406654515364394e+01
2.889805484506922539e+01
2.857671207299618388e+01
2.820918143522196431e+01
2.786545850498882260e+01
2.750207285375028121e+01
2.715829870952720171e+01
2.683211993171112297e+01
2.649938832364458818e+01
2.615597911234384298e+01
2.581138094291327789e+01
2.552632891133182014e+01
2.516250913491472474e+01
2.486264200651629253e+01
2.446658133451419559e+01
2.416681112602694270e+01
2.388426837655803325e+01
2.355435171004707229e+01
2.320231480339780106e+01
2.290063731451583351e+01
2.256327391364288815e+01
2.225821176207443486e+01
2.194217850241698287e+01
2.162868029647376389e+01
2.129541365695122224e+01
2.092962448551349652e+01
2.060395948711301983e+01
2.029855671356597213e+01
1.996163965283850317e+01
1.965668932965838067e+01
1.934174236620091136e+01
1.903065967795077995e+01
1.871401599828146090e+01
1.838241251612684124e+01
1.809584333554225921e+01
1.777304645995119614e+01
1.739995293676879129e+01
1.716996935402283952e+01
1.683925773916511659e+01
1.657823550297169390e+01
1.625524434122484507e+01
1.599252739452056460e+01
1.566437448404045973e+01
1.536599716139692440e+01
1.506729245871947498e+01
1.479786782514144150e+01
1.448349341023959624e+01
1.417422025717888978e+01
1.387345850366669531e+01
1.359956903186052912e+01
1.331281841861095572e+01
1.298168580715496745e+01
1.272151806325925882e+01
1.239405408644000595e+01
1.210366809319222625e+01
1.181962494409675202e+01
1.154428427839847160e+01
1.124169383744224859e+01
1.092296886561536340e+01
1.063078657340181543e+01
1.034242961088450485e+01
1.003596262715931431e+01
9.741209525792086765e+00
9.438630064624600635e+00
9.150471006870899870e+00
8.902695897177691720e+00
8.618297523979899566e+00
8.336031223541313651e+00
8.056546475785106409e+00
7.786167346248992871e+00
7.525275155768545332e+00
7.251430848959344644e+00
7.019506790928575768e+00
6.726923422466414948e+00
6.455890113708998790e+00
6.200266878091336586e+00
5.908747959796677662e+00
5.670244305767362825e+00
5.418963032004089797e+00
5.183415284856332406e+00
4.933523243674335923e+00
4.686517430855187349e+00
4.442124851637294647e+00
4.193779184666033721e+00
3.932908328190047875e+00
3.722087940121875604e+00
3.458599873515490142e+00
3.214066667453759241e+00
2.968163945249555180e+00
2.734759630580824830e+00
2.497052954738243624e+00
2.269180546216809535e+00
2.052626186976167055e+00
1.835461186295807456e+00
1.599517146456813199e+00
1.385765496552123999e+00
1.161950124685662056e+00
9.385673958589226817e-01
7.183498000600923028e-01
4.845614008804973172e-01
2.394560690034036599e-01
