1.000000000000000000e+00
9.260608331702072649e-01
9.178847236500198292e-01
9.129791948809855562e-01
9.084982648159677376e-01
9.046040359872771219e-01
9.011248019344828553e-01
8.979960792086503218e-01
8.951378186675903459e-01
8.923886874122545221e-01
8.899624053020991354e-01
8.874409935148145356e-01
8.850210273522988169e-01
8.827207782405279701e-01
8.805152366105055695e-01
8.783940600464389403e-01
8.764031990542702211e-01
8.744689792743619572e-01
8.725100935748132391e-01
8.705734194748581123e-01
8.686393583753561076e-01
8.667961354040911726e-01
8.650870214402208713e-01
8.632636742389940832e-01
8.615328995578889204e-01
8.599016525415367207e-01
8.581723832429610788e-01
8.566188166658055270e-01
8.549299597169621734e-01
8.533640401826323441e-01
8.518099592645229645e-01
8.501782332526318653e-01
8.486253452594001434e-01
8.471339760275842234e-01
8.456906777068016190e-01
8.440746062615507306e-01
8.425612447947502526e-01
8.411181333616231104e-01
8.396494734399992943e-01
8.381979582193332945e-01
8.367879243640283793e-01
8.355036675692805170e-01
8.340877170308361732e-01
8.327278685965139315e-01
8.312257912659690717e-01
8.299553760353678422e-01
8.285788682439128028e-01
8.272772742035396920e-01
8.259911930994972007e-01
8.245933277050475629e-01
8.233031460270098245e-01
8.219641738487075688e-01
8.205771997539266227e-01
8.193394934070300506e-01
8.179365898633116361e-01
8.166367046111998595e-01
8.153754665688051073e-01
8.139946816821490572e-01
8.127803587546428288e-01
8.115098576161391408e-01
8.102204990551472585e-01
8.090543817519686431e-01
8.077812516942000087e-01
8.065047459262891794e-01
8.053419925614569985e-01
8.042022747068755528e-01
8.029677980493751255e-01
8.018512271479664166e-01
8.006918250931607250e-01
7.995285350384448986e-01
7.983221684297254761e-01
7.972560235590875344e-01
7.961252817794003400e-01
7.950412467306648967e-01
7.939216760496924374e-01
7.927923133205579953e-01
7.916286520777663371e-01
7.905999426289258558e-01
7.893833537646529619e-01
7.882406365478462629e-01
7.871349489155953227e-01
7.860655285518076685e-01
7.849934025689437878e-01
7.838973778905973244e-01
7.828867352448821704e-01
7.817507524313082046e-01
7.806444713573170713e-01
7.794950252098028498e-01
7.785373477820403121e-01
7.774106659448168921e-01
7.763553136538308141e-01
7.753335632185706094e-01
7.742773825481477079e-01
7.731734033496188152e-01
7.721468297830265115e-01
7.711601972571513475e-01
7.700105381728344911e-01
7.689631130424379180e-01
7.679611371227390570e-01
7.670434636748508783e-01
7.660042434272017475e-01
7.649037394084402530e-01
7.639664028826486097e-01
7.629357137578750558e-01
7.618599994240872197e-01
7.608568989125775728e-01
7.598541694983218520e-01
7.587954115877904027e-01
7.577263063208493632e-01
7.568043796883380248e-01
7.557247227471101114e-01
7.547071875755676507e-01
7.537122314800419609e-01
7.527070160559842238e-01
7.516541851788817175e-01
7.506256339574929326e-01
7.496412868400829099e-01
7.486599644167735157e-01
7.475901560004035717e-01
7.466424411717146326e-01
7.456967056426297979e-01
7.446478386625289270e-01
7.436767966099364635e-01
7.427257004045665356e-01
7.417978398761697623e-01
7.408364676035417151e-01
7.398625801773676125e-01
7.388682356110793936e-01
7.378468285492740808e-01
7.368885930192062839e-01
7.359938299135346806e-01
7.350125913552757462e-01
7.340552344959065945e-01
7.331297395480509405e-01
7.322168084359672591e-01
7.313096604485880281e-01
7.303747051334510410e-01
7.294586054196013913e-01
7.284997898233798175e-01
7.275869454701835437e-01
7.266451225260520674e-01
7.256740244671986417e-01
7.248678486844060131e-01
7.238312907467170376e-01
7.229310349996571627e-01
7.220381429591449240e-01
7.211430543032312235e-01
7.201374811430801826e-01
7.191873203884066035e-01
7.183008656047155105e-01
7.173881026645880787e-01
7.164987166733798318e-01
7.154759192047268623e-01
7.146285497715663126e-01
7.136925530949932428e-01
7.128659594542716693e-01
7.118977504025328917e-01
7.110278274293686529e-01
7.101865006991562312e-01
7.092353303340366288e-01
7.083276777000001578e-01
7.074427230129893829e-01
7.065252248011700820e-01
7.057467140567695862e-01
7.048049895156872635e-01
7.039318561772411886e-01
7.030521413030156319e-01
7.021742787132145835e-01
7.013429804447962601e-01
7.003577416475011974e-01
6.996069238069724250e-01
6.986893321924638744e-01
6.978060675015790304e-01
6.969159797149493407e-01
6.960538930017370340e-01
6.951945303384426955e-01
6.943747824786616896e-01
6.934220629382462642e-01
6.926211078109818509e-01
6.917641368228909515e-01
6.909780118895695322e-01
6.901314161946137116e-01
6.892804027847543313e-01
6.884014199819150637e-01
6.876026153886413139e-01
6.867767097590222747e-01
6.859275411227768737e-01
6.849971818441723537e-01
6.842232192498113319e-01
6.833728142617644385e-01
6.825805732589060870e-01
6.817341565984668117e-01
6.808447390246038511e-01
6.800245428899656108e-01
6.791798079278213995e-01
6.782993194906429268e-01
6.774271250084332729e-01
6.765884892729671085e-01
6.757450984557468177e-01
6.750001471148978638e-01
6.742105737188531789e-01
6.733890738488484962e-01
6.725749414346089416e-01
6.717807755355345023e-01
6.710161495686040034e-01
6.702261611549057418e-01
6.694035368003760089e-01
6.686175502323964404e-01
6.678056295352694516e-01
6.670979368420487665e-01
6.662072263099110270e-01
6.653762176522965976e-01
6.646210138474127893e-01
6.637837140809073055e-01
6.629892849743262984e-01
6.622081872104060851e-01
6.614123037859718224e-01
6.606425842595482489e-01
6.598325441101532407e-01
6.590652812018230611e-01
6.582658975861942485e-01
6.575341594009876944e-01
6.567090577795591244e-01
6.559347614617683231e-01
6.551766863304621102e-01
6.544250286514198267e-01
6.536724925938324215e-01
6.529276621045214668e-01
6.522088821393517977e-01
6.514766007792747171e-01
6.507042968734980670e-01
6.499198137174159173e-01
6.491442958594054735e-01
6.483809550665671217e-01
6.476057575787630416e-01
6.469019085704749150e-01
6.461693138948574333e-01
6.454402057275577809e-01
6.447589507417588184e-01
6.440175715170954884e-01
6.432708792568161416e-01
6.424843389183697573e-01
6.418199624901134159e-01
6.411249310315266792e-01
6.404121069646979691e-01
6.396400380762612414e-01
6.390471823114192151e-01
6.383156917381714868e-01
6.374916222106402630e-01
6.368123399248123429e-01
6.361238769262339554e-01
6.354192933817479627e-01
6.347649676631186288e-01
6.339873348194806635e-01
6.332968269999242894e-01
6.325304410703809221e-01
6.318753293584078445e-01
6.311408116572295723e-01
6.304806291495278492e-01
6.297775892749768456e-01
6.290179715286366990e-01
6.283015118131057841e-01
6.275472842898331960e-01
6.268514663630546657e-01
6.260910392394636315e-01
6.253791516579523257e-01
6.246675791087102914e-01
6.239512964093888447e-01
6.232432663239062531e-01
6.224878012646817282e-01
6.218458416511062348e-01
6.210845361238955809e-01
6.204219949709638415e-01
6.196772153825538254e-01
6.189917423791740925e-01
6.182683496762215736e-01
6.175793517448371350e-01
6.169234441775484079e-01
6.162197504415707350e-01
6.155613432234701143e-01
6.147564968732783797e-01
6.140757916212302714e-01
6.133814875209451234e-01
6.126133952867079957e-01
6.119710532079405407e-01
6.113549113263285761e-01
6.106713925167562840e-01
6.099003304783361390e-01
6.092721553517860267e-01
6.086174371450235876e-01
6.079322167806733290e-01
6.072101117122132852e-01
6.064720695569539854e-01
6.058818793623621524e-01
6.050957290827218005e-01
6.044206431807539470e-01
6.036761758179508552e-01
6.029693647186836758e-01
6.023203525991143170e-01
6.016247142175016327e-01
6.009360026681318523e-01
6.002347244002506077e-01
5.995232236544413285e-01
5.989558382708999318e-01
5.982614407532796941e-01
5.975961080847845830e-01
5.968444002292800921e-01
5.962185665889102593e-01
5.955873823904270781e-01
5.948511446790855084e-01
5.941751906995313970e-01
5.936011933551880171e-01
5.929333954655106043e-01
5.922502534746060254e-01
5.915390843139365362e-01
5.909095742571900400e-01
5.903857381608501598e-01
5.895499092150325859e-01
5.889559976461684609e-01
5.883511042097109289e-01
5.877066439797582476e-01
5.869736701791498090e-01
5.863235310386915033e-01
5.856845341700362972e-01
5.850617155498964994e-01
5.843770232235545592e-01
5.837325701442878101e-01
5.831291200579101774e-01
5.825346745889654620e-01
5.819059724985471416e-01
5.812179693738448449e-01
5.805987876766965927e-01
5.799389820590115097e-01
5.793463021534833723e-01
5.786103037557703832e-01
5.779192446121304005e-01
5.772616955172630293e-01
5.766592935786628571e-01
5.759939111955127977e-01
5.753314332854480018e-01
5.746793826297361685e-01
5.740987062391654794e-01
5.734167669313132709e-01
5.727643253080682006e-01
5.721523457174318983e-01
5.714455114265516444e-01
5.708280235309005635e-01
5.701473862565639150e-01
5.694379208060001973e-01
5.687121517981676977e-01
5.681077005797042778e-01
5.674918299586452219e-01
5.668775552608604773e-01
5.662431527864780767e-01
5.655545132977143341e-01
5.649719823066009505e-01
5.643894961890747464e-01
5.637767942678999500e-01
5.630765968877504690e-01
5.624566722842847533e-01
5.618850589285242503e-01
5.612287579595520715e-01
5.606203719505093996e-01
5.600531233525625208e-01
5.593711157482001983e-01
5.587783348806362183e-01
5.580353881958382001e-01
5.574746492209626814e-01
5.567424206781826923e-01
5.561734797351982618e-01
5.555098383846770460e-01
5.549638041959651380e-01
5.543041596153551742e-01
5.537187302353447915e-01
5.531605202312775971e-01
5.524947784195775036e-01
5.518894389458979255e-01
5.512332620027724506e-01
5.506403495068061815e-01
5.499559026416095397e-01
5.492893873324586895e-01
5.487059123696037544e-01
5.480484160731333709e-01
5.474465697528889674e-01
5.469039990441029175e-01
5.462262973989905346e-01
5.456048001105771039e-01
5.449535647971870400e-01
5.443019079565643015e-01
5.437567919088612811e-01
5.430685646326915972e-01
5.424872333169470373e-01
5.418344978114159050e-01
5.412752405225573771e-01
5.406325928826872795e-01
5.400395603728304073e-01
5.394426477776050888e-01
5.388264037063514866e-01
5.382065245237352968e-01
5.376549778782179212e-01
5.370599475671866685e-01
5.364241169506706042e-01
5.357854224761641193e-01
5.352321640319684937e-01
5.346252281022654262e-01
5.339911113683712962e-01
5.333091741342202985e-01
5.326985816967089171e-01
5.321357001060534886e-01
5.314259708341536603e-01
5.309716641350515909e-01
5.302862923061404388e-01
5.297243815770767972e-01
5.291436352842403545e-01
5.284681363144790867e-01
5.279073963713601936e-01
5.273218213969113055e-01
5.267344919732377395e-01
5.261441824363676245e-01
5.254466695917981989e-01
5.249677971431756518e-01
5.243195071464715751e-01
5.237915837392095320e-01
5.232110820937273532e-01
5.225551436289535001e-01
5.220309417663229201e-01
5.214755264073811514e-01
5.207564314574718578e-01
5.201700070084367411e-01
5.195683292291899402e-01
5.188952158318692609e-01
5.183588483633777555e-01
5.177818211527038805e-01
5.172255713547164735e-01
5.165962439514621973e-01
5.159666661449443525e-01
5.153605930843154770e-01
5.147889205739373253e-01
5.142214844974606347e-01
5.136348778738385468e-01
5.130541888557361707e-01
5.124953953700457365e-01
5.118954949460675641e-01
5.112837082288831381e-01
5.106636210568344936e-01
5.101158782552798199e-01
5.094979012871626578e-01
5.089853777840687155e-01
5.083398967740059282e-01
5.077953698646221481e-01
5.072042129643389297e-01
5.065562381919760382e-01
5.060508055854251452e-01
5.054508028228207328e-01
5.048698871814906175e-01
5.043092134006990079e-01
5.036929534584436707e-01
5.031155290375266542e-01
5.025374840491156903e-01
5.019721945230274374e-01
5.014064976374189575e-01
5.008675576892442916e-01
5.002778275923440710e-01
4.996530835253366054e-01
4.991580444893725654e-01
4.985770051364152855e-01
4.979620446576784043e-01
4.973129368366648317e-01
4.968492048556293894e-01
4.963092155733671573e-01
4.957231118318058405e-01
4.951866002884999785e-01
4.947157484009361839e-01
4.941050103123475479e-01
4.935715588655164576e-01
4.930129520449291203e-01
4.924035711909677815e-01
4.918568468787381520e-01
4.912884906397334550e-01
4.907173755122847814e-01
4.900985285635300892e-01
4.896207807207189067e-01
4.890627597114301506e-01
4.885698705870202829e-01
4.880692300584714705e-01
4.875036287599360252e-01
4.868711252939907919e-01
4.863558071482235734e-01
4.857931189157836949e-01
4.852408660071151347e-01
4.846982632586462891e-01
4.841569741124088777e-01
4.836176769919793283e-01
4.830302375385849833e-01
4.825377547939226353e-01
4.819760373585994517e-01
4.814350754145608202e-01
4.810008083812949420e-01
4.803681302463502223e-01
4.797260060970685580e-01
4.792381465350323833e-01
4.786137304771337919e-01
4.781062535301271454e-01
4.775556790139956487e-01
4.769924437414905238e-01
4.763636859122357681e-01
4.758131549434830854e-01
4.753389539839686373e-01
4.747468463589016863e-01
4.741891487748133294e-01
4.736685742966224577e-01
4.731543220049435061e-01
4.726333487859910032e-01
4.721285910619534287e-01
4.716150192012174558e-01
4.710157923837443028e-01
4.705276276788939449e-01
4.699620094660432179e-01
4.693955074813039863e-01
4.689478353042081937e-01
4.683793584023369094e-01
4.678397614925938752e-01
4.672648959939003643e-01
4.667425325609478315e-01
4.663127824769789931e-01
4.657538892805627717e-01
4.652484181066616764e-01
4.647255404786456157e-01
4.641634694663984706e-01
4.635875509767958258e-01
4.630271796942098117e-01
4.624920660089754110e-01
4.619644851080667580e-01
4.614580806818839309e-01
4.609596036734469604e-01
4.603443194296794050e-01
4.598904934654551302e-01
4.593493609399632027e-01
4.587673284955040010e-01
4.582183856372533115e-01
4.577074879955921327e-01
4.572335023086004924e-01
4.567130061352053794e-01
4.562306828214475196e-01
4.556640227120062892e-01
4.550482896031934343e-01
4.545555038501203349e-01
4.540546965166534776e-01
4.535644988655992971e-01
4.529950358076561545e-01
4.524524142064006438e-01
4.519069065784502848e-01
4.514278681121513537e-01
4.509164493477167968e-01
4.504103245749861983e-01
4.498778549958534767e-01
4.493818542454147136e-01
4.487895157305324401e-01
4.482394739693007502e-01
4.476678635574678489e-01
4.471974838070827407e-01
4.466120382914126052e-01
4.460786151914837294e-01
4.455395963349312871e-01
4.450263464476495456e-01
4.444775254499719330e-01
4.439578370888440650e-01
4.434242823841181291e-01
4.429247659977742502e-01
4.423908163903297330e-01
4.418686116350231119e-01
4.413935156070890042e-01
4.409245987028290181e-01
4.403579164620974873e-01
4.397630287626974055e-01
4.392966431792146298e-01
4.387553521248463984e-01
4.382214598411110495e-01
4.376211780868977108e-01
4.370986182102337692e-01
4.365524760148008498e-01
4.360363838466587705e-01
4.355155060137670398e-01
4.349981428515533044e-01
4.344080094873797315e-01
4.339022016092201617e-01
4.333957681109731896e-01
4.328460878638100140e-01
4.323073109140608827e-01
4.318086493106124690e-01
4.312693251820364782e-01
4.307347779440106050e-01
4.302167139840431531e-01
4.296317051685396571e-01
4.290876023754190971e-01
4.286024546379791356e-01
4.280832463704385416e-01
4.275077775750565356e-01
4.270019481028480279e-01
4.264408805983472273e-01
4.259399675464089485e-01
4.254696683590714623e-01
4.249185735291025612e-01
4.243815141794595736e-01
4.239406178365316968e-01
4.234574187419608560e-01
4.229563133472176717e-01
4.224097414252772631e-01
4.219039792091036634e-01
4.214128833406767805e-01
4.208502628641025978e-01
4.203201330904079436e-01
4.198351456541950522e-01
4.192032397274190192e-01
4.187683312014358061e-01
4.183020295853591697e-01
4.178023921294815590e-01
4.172719085950467588e-01
4.167665265623954896e-01
4.162196859279271854e-01
4.156685143540463923e-01
4.152305099877098837e-01
4.147576326315908779e-01
4.141915295977692812e-01
4.137090255909423586e-01
4.131734525877009956e-01
4.126342076266645287e-01
4.121056725664680176e-01
4.116161716519196045e-01
4.110955816261361861e-01
4.105807895507398442e-01
4.101262441667700154e-01
4.095607074289352445e-01
4.090441259700962062e-01
4.085867330949053966e-01
4.080116634394085895e-01
4.075604699320418689e-01
4.070474582827283694e-01
4.065998430316056234e-01
4.060948427295857366e-01
4.055789294728572858e-01
4.050902089852139176e-01
4.045406126236333888e-01
4.041216212447838463e-01
4.036912393105794861e-01
4.031684751528692434e-01
4.026533150839810005e-01
4.021723600872177395e-01
4.016970977901186401e-01
4.012139348742356781e-01
4.007613253892782779e-01
4.002397501246906519e-01
3.997649118123720036e-01
3.992683640389021460e-01
3.987109692440943820e-01
3.982773762455381616e-01
3.977554973530618154e-01
3.972646172383469954e-01
3.967760261513252340e-01
3.963116859369142375e-01
3.958168318610283953e-01
3.953123950055338343e-01
3.948286421142868097e-01
3.943090229348180653e-01
3.938006211479199159e-01
3.933321923225033823e-01
3.928703038643027723e-01
3.923042884283425291e-01
3.918084368479099466e-01
3.913941889863740142e-01
3.908786437880556464e-01
3.903900247375341470e-01
3.899015949881205478e-01
3.894288355374723176e-01
3.889478293745424753e-01
3.885204647132253220e-01
3.880060951028677652e-01
3.875052006039974573e-01
3.870269726826603418e-01
3.865352077599022440e-01
3.860844799664664428e-01
3.856002159523466699e-01
3.851193315346653767e-01
3.846570155646450440e-01
3.841900160343157955e-01
3.837209943649339539e-01
3.831691033760577514e-01
3.826802444507101941e-01
3.821886185116584178e-01
3.817280984296375079e-01
3.812685675889935788e-01
3.807811423414964591e-01
3.803289868347086711e-01
3.798475405091301105e-01
3.793824932799353400e-01
3.788816533099113038e-01
3.784175669813911180e-01
3.779716758243985564e-01
3.775782913108956529e-01
3.771416368840939670e-01
3.766443428887544242e-01
3.761488934053974775e-01
3.756954314822562035e-01
3.752799187249841739e-01
3.747877471840731500e-01
3.742748655900643984e-01
3.738436446453157203e-01
3.733497433964680368e-01
3.729321075288692944e-01
3.724577109756982973e-01
3.719933828740738524e-01
3.715650674874437787e-01
3.711010917215226135e-01
3.706713166673802906e-01
3.702454332097693257e-01
3.698927523854889654e-01
3.692970192355953807e-01
3.688766223067132533e-01
3.684165901779969943e-01
3.679428359997283793e-01
3.674503546492909889e-01
3.669685299211978835e-01
3.665354431448266670e-01
3.660689948438850538e-01
3.656677051942285872e-01
3.652795070301532165e-01
3.648484541606784592e-01
3.644124976997737964e-01
3.639360377881226682e-01
3.635390096267857585e-01
3.630925674501984113e-01
3.626499615091042794e-01
3.621314418861855122e-01
3.617003020364433774e-01
3.612807747916924606e-01
3.607741601772058160e-01
3.604190113241053095e-01
3.599607926872564478e-01
3.594653734379051335e-01
3.589933887182817362e-01
3.585142639378690044e-01
3.581071765755338143e-01
3.576443631417774993e-01
3.572178130920614092e-01
3.567177148457183478e-01
3.562505871236854027e-01
3.558585093112287545e-01
3.553989235651146550e-01
3.548975767483144583e-01
3.544923411329055085e-01
3.540954994703683911e-01
3.536606061969475578e-01
3.532280613633125288e-01
3.528211051732355052e-01
3.523418825027706536e-01
3.518946212397548456e-01
3.514460909155628920e-01
3.509661500366073050e-01
3.505658269476545352e-01
3.501544348770194159e-01
3.497453373419447953e-01
3.493017534990961459e-01
3.488679104820892607e-01
3.484373547490345890e-01
3.479949967662980814e-01
3.475576468611983327e-01
3.471397166046640836e-01
3.467245070190906886e-01
3.462474640349236799e-01
3.458304712166818118e-01
3.453323261346920026e-01
3.449469831188626823e-01
3.445305150739381705e-01
3.440303501545329268e-01
3.436038144220522339e-01
3.431565857273252695e-01
3.426535409839319701e-01
3.422628318016100457e-01
3.418506078963180483e-01
3.413963744790361465e-01
3.410432830986428465e-01
3.405769594185845683e-01
3.400943762107367929e-01
3.397176661742277171e-01
3.392362970603046146e-01
3.388163228583851994e-01
3.383936923174924449e-01
3.379248449763004869e-01
3.374998522412158697e-01
3.370031603003463272e-01
3.366285367074501877e-01
3.362020421414663729e-01
3.357767541004771372e-01
3.353408423113152792e-01
3.349008139568131481e-01
3.345205943306830965e-01
3.340847082616310026e-01
3.335789155182598553e-01
3.332080060499474916e-01
3.328244028134594301e-01
3.323675089126634785e-01
3.319864220703440116e-01
3.315703048631545857e-01
3.312205903645486504e-01
3.307367846524508215e-01
3.303436831685185870e-01
3.298688364264525386e-01
3.294789255526076044e-01
3.291200123699103974e-01
3.286995152118529218e-01
3.283019009611655159e-01
3.278578458642977256e-01
3.273992055281291780e-01
3.269957186309977448e-01
3.266106416170789783e-01
3.261660686512229956e-01
3.256691350061696189e-01
3.252735756827375146e-01
3.248957559688394059e-01
3.244706456505239700e-01
3.240331541551255135e-01
3.235954585228698055e-01
3.231454487939825482e-01
3.227236499877507714e-01
3.223818896248429877e-01
3.220253896497078383e-01
3.216171932098443320e-01
3.212266347171218173e-01
3.207926672521186351e-01
3.204150796014009206e-01
3.199589352201203107e-01
3.196359162508778939e-01
3.191417303974246611e-01
3.187672035740034548e-01
3.183385662134228800e-01
3.179257223012132982e-01
3.176199018197323753e-01
3.172242413356852753e-01
3.168056815938060655e-01
3.163526903402048562e-01
3.159096645416328286e-01
3.155263996982846653e-01
3.151305492681471532e-01
3.146736715671258344e-01
3.142586146120223689e-01
3.138320185770255288e-01
3.134833877436423166e-01
3.130679116598736322e-01
3.126404161585581987e-01
3.122411452263319509e-01
3.117290850006242953e-01
3.113645340438918607e-01
3.109566539404373664e-01
3.105067834910211766e-01
3.101235976019199869e-01
3.096720866077938283e-01
3.092415006302722813e-01
3.088788481415898901e-01
3.084612306996222242e-01
3.079926381289510573e-01
3.076691656799743213e-01
3.072013965267056390e-01
3.066941552848828079e-01
3.063155828649910539e-01
3.059362179111259072e-01
3.055610846509588252e-01
3.051297361870405900e-01
3.047077015597118299e-01
3.043072536657682736e-01
3.039318989759640655e-01
3.035007667985036850e-01
3.030988809995558420e-01
3.026935453850591595e-01
3.022997810764472271e-01
3.018984934479513882e-01
3.014685815894276311e-01
3.010125533145074916e-01
3.006803715142074562e-01
3.001698227998386703e-01
2.998388808208475309e-01
2.994649024204146803e-01
2.990047259354209896e-01
2.986831074863487978e-01
2.982390159961078036e-01
2.977582824248105609e-01
2.974196077408300942e-01
2.969922028316864804e-01
2.966147485469879941e-01
2.962126634674590031e-01
2.958279701682266505e-01
2.954682321842189152e-01
2.950570432172226476e-01
2.946716937107649037e-01
2.942271945360473984e-01
2.938869776871801953e-01
2.934822142016288438e-01
2.930778540384504360e-01
2.927603791301051639e-01
2.923489698089871136e-01
2.919576205527973922e-01
2.915582997555405953e-01
2.911645320807876858e-01
2.907657749203619302e-01
2.903530594411636856e-01
2.899271279456598904e-01
2.895569138201047887e-01
2.892203701235045443e-01
2.887846168226537169e-01
2.883541963232510996e-01
2.879017147131696652e-01
2.875338090335222696e-01
2.871118016026303343e-01
2.867742016574146846e-01
2.863504501506212163e-01
2.859581948695466003e-01
2.855697103616604005e-01
2.851865847043117408e-01
2.848027614787748685e-01
2.844153316374978813e-01
2.839594167623594179e-01
2.835748637115313997e-01
2.831993710515370299e-01
2.827756000238063061e-01
2.823927171807161240e-01
2.820039245313778475e-01
2.816558663698089937e-01
2.812508779672500681e-01
2.808362503411122590e-01
2.804598854036696731e-01
2.800431380708886531e-01
2.796722976906836911e-01
2.792434516044985937e-01
2.788759241739893757e-01
2.784883460517005860e-01
2.780819098268578760e-01
2.776927184727652764e-01
2.772743063194680335e-01
2.769215298381346169e-01
2.765126746607998176e-01
2.761188332898285580e-01
2.757024792095676968e-01
2.753388342994690374e-01
2.749760849150005848e-01
2.745396329475254249e-01
2.741683762033622074e-01
2.738139845749832935e-01
2.734569057026619010e-01
2.730370412402605695e-01
2.727007236811463398e-01
2.722986979449131262e-01
2.719477650986557027e-01
2.715349814410908391e-01
2.711308921655868898e-01
2.707763221202213466e-01
2.703681677296130847e-01
2.699596043546180213e-01
2.696333729157878167e-01
2.692234078621497662e-01
2.687966886566503510e-01
2.684251742176899658e-01
2.680624412828985781e-01
2.676624195603823919e-01
2.672963797603686298e-01
2.669019513401345578e-01
2.664885606190844913e-01
2.660916092651326448e-01
2.657224893808460831e-01
2.653349372431960118e-01
2.648924563736607674e-01
2.645325863392948285e-01
2.641337105695628629e-01
2.637928345591692425e-01
2.633869891832922860e-01
2.629523434742594978e-01
2.626131774842729305e-01
2.622206980420175859e-01
2.617630786481998650e-01
2.614382664288992242e-01
2.610178594854975498e-01
2.606078422391693850e-01
2.602859420862650985e-01
2.597948207110983843e-01
2.594495578086821741e-01
2.590918957279964019e-01
2.587333739308161351e-01
2.583131310203477526e-01
2.579624265510582770e-01
2.575670648520023143e-01
2.572094143889008255e-01
2.568096599987603756e-01
2.564271916835815235e-01
2.560538607189755123e-01
2.556666862644372262e-01
2.553168225122552371e-01
2.549019626013105388e-01
2.545263473062626680e-01
2.542318894223263293e-01
2.538160633510746500e-01
2.534443421194472745e-01
2.530604793146774001e-01
2.527068778568942187e-01
2.522667475893102806e-01
2.519262676378624111e-01
2.515054809540439029e-01
2.511104261855896524e-01
2.507806762131536416e-01
2.503343544423209388e-01
2.499757617633007745e-01
2.495954400840165455e-01
2.492614557427250133e-01
2.488869063151580574e-01
2.485467544049255462e-01
2.481547602332332680e-01
2.478160839527130122e-01
2.474037214054956302e-01
2.470416597211035903e-01
2.466442345577924966e-01
2.463157037073252786e-01
2.459238587275907328e-01
2.455137066603965412e-01
2.451793272338907981e-01
2.447730745253379470e-01
2.444263823052773288e-01
2.440386358147210721e-01
2.436479847685938116e-01
2.432831936459144417e-01
2.429180830933397595e-01
2.424988531252674773e-01
2.421511317441649436e-01
2.417510491846061038e-01
2.413128475657009830e-01
2.409945005237701110e-01
2.406503700413417379e-01
2.402562354536025013e-01
2.399229274294920611e-01
2.395399601713799065e-01
2.392341884110232020e-01
2.388250403042480319e-01
2.384727384704105058e-01
2.381032458019449183e-01
2.377111273152793802e-01
2.373272539601012088e-01
2.369850280297295941e-01
2.366592540020163449e-01
2.362613328837947779e-01
2.359255489033900421e-01
2.355238223623270788e-01
2.351439839201731885e-01
2.348026298467823791e-01
2.344696825185724753e-01
2.340607832849758152e-01
2.337155734372312887e-01
2.332810470932448477e-01
2.329253830407155557e-01
2.325425948734582138e-01
2.322382442449016648e-01
2.318566966748368263e-01
2.314370575280997322e-01
2.310446518349890399e-01
2.307141068123101380e-01
2.303196223876037285e-01
2.300347709030226562e-01
2.296389503086364581e-01
2.292431690959263191e-01
2.289020270193008744e-01
2.285551349452976666e-01
2.282148636014890986e-01
2.278395860482064494e-01
2.275105565531272966e-01
2.271445685537135384e-01
2.268180199402368702e-01
2.264540014098448961e-01
2.260879656205554977e-01
2.257581884403729311e-01
2.253894574853666233e-01
2.250174614053364885e-01
2.246478574034934672e-01
2.242941293414422443e-01
2.239946638334347484e-01
2.236625923922042070e-01
2.233540016676966167e-01
2.230369700686463674e-01
2.226644894394206875e-01
2.223046096908870006e-01
2.219177712162179739e-01
2.215746043478639127e-01
2.212405615149049265e-01
2.208772671657532882e-01
2.205206185914425077e-01
2.202069957320207383e-01
2.198271767679330357e-01
2.194991140839392396e-01
2.191736038474993153e-01
2.188386834731741448e-01
2.184991388909176269e-01
2.181585215753568952e-01
2.178117810118221920e-01
2.174996432735572249e-01
2.171333731317037774e-01
2.167404826854456568e-01
2.164162805076370599e-01
2.160827246970546955e-01
2.157336179127161691e-01
2.153521093835445988e-01
2.149953956348417961e-01
2.146289598409770738e-01
2.142913761625322711e-01
2.139236771570923179e-01
2.136340369854904386e-01
2.132787659457614782e-01
2.129296975551122906e-01
2.126051732347310208e-01
2.122662556243347931e-01
2.120012188361055927e-01
2.116270282054037444e-01
2.112962974403897742e-01
2.108982972395735678e-01
2.105455727738631544e-01
2.102720018505792599e-01
2.099379009808483854e-01
2.096224605141673580e-01
2.092932569146018773e-01
2.088877692977137157e-01
2.085628754159654930e-01
2.081753848652399819e-01
2.077944748915745155e-01
2.075003900548846869e-01
2.071287743159658801e-01
2.068112713250114254e-01
2.065018394516244249e-01
2.060876699414397051e-01
2.057784639154718598e-01
2.054553471349251370e-01
2.051713471739484984e-01
2.048681426803868055e-01
2.045062807927525705e-01
2.041545768346537393e-01
2.037970761023887856e-01
2.034538153346685252e-01
2.030809174345157841e-01
2.027612122871086664e-01
2.024483389993991800e-01
2.020571391843724862e-01
2.016956936738786843e-01
2.013614344982891935e-01
2.009466838078008966e-01
2.006126208450568493e-01
2.002473545463185900e-01
1.999143118731279423e-01
1.995752953103138438e-01
1.992394972632747785e-01
1.989220761376186419e-01
1.985457684833153436e-01
1.982033090086917082e-01
1.979035358074251461e-01
1.975420690765175014e-01
1.972166795427650887e-01
1.968875190819404375e-01
1.965459050068891489e-01
1.961674396122355946e-01
1.958565191363373370e-01
1.955480334387559305e-01
1.952139729218804742e-01
1.948780994209072248e-01
1.945380127485669686e-01
1.942416012975094475e-01
1.939010667622456108e-01
1.935764201186429279e-01
1.932502171629039700e-01
1.929314367694583698e-01
1.925957393634780690e-01
1.922423800136643379e-01
1.919129922221263218e-01
1.915597295460221838e-01
1.912678598794712026e-01
1.909152769464189936e-01
1.905768548605731583e-01
1.903249536437144895e-01
1.899443658898976317e-01
1.896402489915718081e-01
1.892728908277713229e-01
1.889386790841698083e-01
1.885910835591476098e-01
1.883087203445242275e-01
1.879644096617545113e-01
1.876438628106767981e-01
1.873252019120706102e-01
1.870108463296327739e-01
1.866797174732809372e-01
1.863767897206604907e-01
1.860612041925641391e-01
1.857423464808173885e-01
1.854274927309565169e-01
1.850615200755097445e-01
1.847475813985280935e-01
1.844457420031977435e-01
1.840974585655452966e-01
1.837688692859842099e-01
1.834918076126673403e-01
1.831527631086219965e-01
1.828427671471121452e-01
1.825424190812420522e-01
1.822151974697121535e-01
1.818887597276644674e-01
1.815746031756776124e-01
1.812682352405728947e-01
1.809267191813401510e-01
1.806077586292413883e-01
1.802942355656005913e-01
1.799550277550111266e-01
1.796512088154801623e-01
1.793627894601666495e-01
1.790237296809847889e-01
1.787228767129596385e-01
1.783821479914624308e-01
1.780489668256647617e-01
1.777893873817271431e-01
1.774590912668641829e-01
1.771420642136130597e-01
1.768439819554606662e-01
1.765422795071260320e-01
1.762237356720791348e-01
1.759251158344043997e-01
1.756486443915809825e-01
1.752928419861634890e-01
1.749957705633433669e-01
1.746695364153772467e-01
1.743569955688783757e-01
1.740749965754114503e-01
1.737111231589683058e-01
1.733696355218886098e-01
1.729710861525784182e-01
1.727034146027517092e-01
1.724089544437077404e-01
1.720930831501253366e-01
1.717964337096570537e-01
1.714242256243131979e-01
1.711274820683349185e-01
1.708002932666608520e-01
1.705183450125023203e-01
1.701672634306890253e-01
1.698167003886797699e-01
1.695603785799441321e-01
1.691853254887845937e-01
1.688729200737376923e-01
1.685539210807024679e-01
1.682240792506022042e-01
1.679038846849217337e-01
1.675672447688941746e-01
1.672361898575290828e-01
1.668952074639586669e-01
1.665857336635302166e-01
1.662695807791680080e-01
1.660060252614725673e-01
1.656952734245784598e-01
1.653283118484318859e-01
1.650172820129476581e-01
1.647395879631421145e-01
1.644141794537093693e-01
1.640973087025290877e-01
1.637860144583601907e-01
1.634844729865371216e-01
1.631922332426937738e-01
1.628469254578125691e-01
1.625434309548008938e-01
1.622424621289625390e-01
1.619296904669280668e-01
1.616002274100879488e-01
1.613303175960916214e-01
1.610026048732146886e-01
1.606883171296363266e-01
1.604530971748663881e-01
1.600622709860708426e-01
1.597933092106548214e-01
1.594920751542240611e-01
1.591706294973065650e-01
1.588229877791142441e-01
1.585600926654517906e-01
1.582293020072995104e-01
1.579088052482663096e-01
1.575998144326362094e-01
1.572966013236703209e-01
1.569920291139230983e-01
1.567024821889868025e-01
1.563716629927339175e-01
1.560625114148283532e-01
1.557791081592245497e-01
1.554592531123411281e-01
1.551743156219262676e-01
1.548606787955174868e-01
1.545436894733803190e-01
1.542304728851088547e-01
1.538954459770732197e-01
1.536425707850349320e-01
1.533524991461653886e-01
1.530564218306894320e-01
1.527403330669506454e-01
1.524426842110258307e-01
1.521655063033476862e-01
1.518866142688335974e-01
1.515958038847750600e-01
1.512618734743108317e-01
1.509419153773430555e-01
1.506506776813349713e-01
1.503570605319471953e-01
1.500734839750425265e-01
1.497673558144414219e-01
1.495019925828334484e-01
1.491708092597710256e-01
1.488437498320425156e-01
1.485734095552959100e-01
1.482565366601019952e-01
1.479418193132226722e-01
1.476550151478284445e-01
1.473580409480984010e-01
1.470639005857554971e-01
1.467578822080444489e-01
1.464769797678874275e-01
1.462413001849439675e-01
1.459165182568356034e-01
1.456241852962325278e-01
1.453499855013895281e-01
1.450225749009077247e-01
1.447266583350078073e-01
1.444588546733738821e-01
1.441566895471986798e-01
1.438481234876200499e-01
1.435442135102524830e-01
1.432751131205931006e-01
1.429692273691039461e-01
1.426899728886521501e-01
1.423760286737469627e-01
1.420983600265533220e-01
1.418157186960693483e-01
1.415087546613560676e-01
1.412354931629935528e-01
1.409663935653718836e-01
1.406770479604859958e-01
1.403843524494926553e-01
1.401125904020267821e-01
1.398814997477890731e-01
1.396476118845510206e-01
1.393225361166779142e-01
1.390557606749523722e-01
1.387747848462438371e-01
1.384186784875690024e-01
1.381488567081041730e-01
1.378677686185179052e-01
1.375919923821416480e-01
1.372938680873922734e-01
1.369931712449646843e-01
1.367644020814778039e-01
1.364468603559343129e-01
1.361666987632476622e-01
1.359183237025118063e-01
1.356581266542124520e-01
1.353548538668401524e-01
1.350561688844525710e-01
1.347872261991263088e-01
1.345371055021180318e-01
1.342785226953519817e-01
1.339975425407443632e-01
1.337264630570246804e-01
1.334624825458794184e-01
1.331728512735969039e-01
1.329221430549053784e-01
1.326005985521068464e-01
1.323628674414153439e-01
1.321233963433803560e-01
1.318001529396113924e-01
1.315453808965680316e-01
1.312388166736319084e-01
1.309594358976659823e-01
1.307007497596916756e-01
1.304041444559279062e-01
1.301351524146779071e-01
1.298088281536068089e-01
1.295398195935200947e-01
1.292489379301271224e-01
1.289624509024980270e-01
1.286950601785452064e-01
1.284062920437699651e-01
1.281347967290194789e-01
1.278619405455516111e-01
1.275798603410367715e-01
1.272757830106351906e-01
1.270279313016172973e-01
1.267275652986131484e-01
1.264157249895446200e-01
1.261590888754482165e-01
1.258830533266296348e-01
1.255502966439763224e-01
1.252838825844742598e-01
1.250343978068655659e-01
1.247648108512358495e-01
1.244914583646249129e-01
1.242407226456733460e-01
1.239160837744491539e-01
1.236769338803042767e-01
1.233789078778961407e-01
1.231088129372707729e-01
1.228070603185534848e-01
1.225155419618958047e-01
1.222736087949791717e-01
1.219955316645315174e-01
1.217070899165996201e-01
1.214638046987048109e-01
1.211646523648810952e-01
1.208930065463913739e-01
1.205980373581033299e-01
1.202844757049861130e-01
1.200157832758709381e-01
1.197221613755749398e-01
1.194818501730490340e-01
1.191689970922959474e-01
1.189195275149795422e-01
1.186362143500461902e-01
1.183798925560415605e-01
1.180862449819993776e-01
1.178208140490992900e-01
1.175517484777559851e-01
1.172693727244356748e-01
1.170062157801563113e-01
1.167303107338631685e-01
1.164410205198728454e-01
1.161843061485385714e-01
1.159197430768732079e-01
1.156722153654452384e-01
1.153648448811323418e-01
1.151207809488582340e-01
1.148212164145916703e-01
1.145661381423679348e-01
1.142976340056374440e-01
1.140796503169784759e-01
1.137750039285151948e-01
1.135347376200008945e-01
1.132186734327594591e-01
1.129619360095843184e-01
1.126840176524657455e-01
1.124523048327481095e-01
1.121414623304217983e-01
1.119172894316852324e-01
1.116501990339971578e-01
1.113637196429221599e-01
1.110995428835574311e-01
1.108281090315871992e-01
1.105440567837883414e-01
1.102739654110707207e-01
1.100188880928623658e-01
1.097432602873100876e-01
1.094498723090014253e-01
1.092063726070739149e-01
1.089035176489170920e-01
1.086511530237612988e-01
1.084076211448608967e-01
1.081459406919787203e-01
1.079100613593888397e-01
1.076758202924045088e-01
1.073814183531216909e-01
1.071318958476270011e-01
1.068710413686032312e-01
1.066175474499346243e-01
1.063169087645935429e-01
1.060556648517026468e-01
1.057816055096473945e-01
1.055125989757452476e-01
1.052361257827995750e-01
1.049886297291248438e-01
1.047258821822358021e-01
1.044424247758484747e-01
1.042086961106265808e-01
1.039037555099528443e-01
1.036775113949124222e-01
1.033986662395815770e-01
1.031400875641742682e-01
1.028647337841572529e-01
1.025991197405780181e-01
1.023302248418495874e-01
1.020515227348721549e-01
1.017910779336022725e-01
1.015404768179533623e-01
1.013032240620255348e-01
1.010290301809047137e-01
1.007557403250272238e-01
1.005082357491402095e-01
1.002383664604713509e-01
9.994422299095780116e-02
9.967288275126993946e-02
9.944889375843060653e-02
9.917042848935535282e-02
9.890483823420677389e-02
9.861881667029780141e-02
9.838379311250380899e-02
9.811916166143357099e-02
9.787071539122056685e-02
9.759225138085052265e-02
9.732712172527446803e-02
9.706385268977414660e-02
9.683026990951514035e-02
9.652720450403114161e-02
9.627009702712593930e-02
9.603219232417863072e-02
9.581651783530137356e-02
9.553322848722115013e-02
9.524747283921354557e-02
9.500516763368761775e-02
9.474180020444133987e-02
9.448064491684962651e-02
9.423838262670411470e-02
9.396884833508045709e-02
9.368099840566800063e-02
9.342464143873080440e-02
9.317776065698282761e-02
9.295083053577150867e-02
9.267762659548167692e-02
9.242446030440829019e-02
9.213934482337846066e-02
9.188747065772867595e-02
9.161846921686386813e-02
9.138687086357676070e-02
9.113803460671111856e-02
9.083906974797731348e-02
9.061819694729718322e-02
9.039366530519206411e-02
9.017603035755206164e-02
8.992291076982274201e-02
8.963546605626447616e-02
8.941385707088522761e-02
8.915671193454863253e-02
8.892573214992403885e-02
8.866140266818924032e-02
8.836569865485542630e-02
8.813954475808714883e-02
8.788610075608703498e-02
8.763659592217647176e-02
8.736449698441418887e-02
8.714870756585618716e-02
8.690525253042960530e-02
8.666661061078329009e-02
8.642919014761801799e-02
8.618628409369021026e-02
8.595446789224520101e-02
8.569308387231168445e-02
8.545678789456712110e-02
8.518009914436232288e-02
8.497169254573756769e-02
8.471925518011037826e-02
8.449007896725391209e-02
8.425505867722525577e-02
8.398444712420016778e-02
8.372523575649644390e-02
8.347246344074706059e-02
8.322702274903177877e-02
8.297200647917833682e-02
8.271505120335315153e-02
8.248313336533721896e-02
8.224323874725189554e-02
8.198255703568428643e-02
8.172831827745503930e-02
8.149131391477812403e-02
8.125575804417714543e-02
8.101550506052548895e-02
8.078654059790373043e-02
8.052801748981447405e-02
8.029149759230588823e-02
8.003819666092674978e-02
7.978749008076972682e-02
7.955894982578642916e-02
7.932432647276893567e-02
7.904393458933869909e-02
7.880942279313235543e-02
7.855822920044869262e-02
7.830164248201278154e-02
7.806332764626243426e-02
7.780533502630536391e-02
7.757370057126361518e-02
7.736324746103313832e-02
7.711089103025395297e-02
7.685248240054509683e-02
7.662652562695450309e-02
7.638417404562218571e-02
7.616130235369249213e-02
7.589976336228643206e-02
7.569158434479705821e-02
7.540869813602138483e-02
7.518112204932386744e-02
7.495076785328155800e-02
7.473099738281863136e-02
7.449874050306699858e-02
7.426312981448079942e-02
7.398163667418099221e-02
7.375695138353004221e-02
7.354282776955486933e-02
7.332490805138960899e-02
7.306160016842488947e-02
7.285111950929459845e-02
7.260702312251218760e-02
7.237980915197396448e-02
7.216695693767610775e-02
7.190567070445309794e-02
7.168611516425463237e-02
7.140608164235254240e-02
7.116765687161240306e-02
7.095792523726164591e-02
7.067523648173718032e-02
7.045095884958266219e-02
7.023946505867013912e-02
6.998455557677074612e-02
6.974871588447136006e-02
6.949456433007041023e-02
6.927609509703354373e-02
6.907455389291976278e-02
6.883345252902746403e-02
6.860937169680308978e-02
6.837260329128644343e-02
6.814817667136027768e-02
6.791963401476433515e-02
6.763075547603368542e-02
6.744616576272970121e-02
6.720941274246598762e-02
6.697588621902580974e-02
6.676069058730121908e-02
6.653342030588905998e-02
6.628312960112217600e-02
6.603449763614786805e-02
6.579217359462324888e-02
6.555694187367022696e-02
6.534720992726308908e-02
6.509401801284858680e-02
6.485560590870201314e-02
6.464552356167653502e-02
6.439492892731446538e-02
6.417856567506538545e-02
6.395966648020275092e-02
6.371354260826131433e-02
6.349416537024782370e-02
6.326106837112818737e-02
6.304536998871196340e-02
6.281163396352765216e-02
6.259072586523010961e-02
6.236748778106547542e-02
6.214033824923050064e-02
6.187341617304570329e-02
6.168360197649960797e-02
6.146425238585390832e-02
6.122643902065226518e-02
6.100085949183504941e-02
6.082713397732041061e-02
6.058336977189630185e-02
6.035433736908310531e-02
6.011902281275979115e-02
5.990249705469609387e-02
5.967051811207861600e-02
5.944246621303039130e-02
5.920847227704978399e-02
5.898483662973601216e-02
5.875396306730034518e-02
5.851879155779114022e-02
5.830829721637496160e-02
5.812035698109617454e-02
5.787397917596810715e-02
5.765394357247172891e-02
5.745793612577580062e-02
5.722053278098961776e-02
5.702434984519603317e-02
5.676993821778922311e-02
5.658295997986562825e-02
5.632484122796978243e-02
5.613003119821310949e-02
5.589895606198172495e-02
5.567445526153867730e-02
5.545208541591021417e-02
5.520584827682159523e-02
5.500102672723183178e-02
5.476514147903185220e-02
5.457012753381783321e-02
5.436342240987188101e-02
5.410471951931003498e-02
5.389969895054215476e-02
5.369727961044227366e-02
5.344512449394411141e-02
5.325055620283714736e-02
5.306222948899142616e-02
5.285210745630630758e-02
5.264641635240845802e-02
5.244255188774220311e-02
5.220685638093348208e-02
5.200069530285622577e-02
5.178674233248772851e-02
5.158261223295119297e-02
5.136610339302024458e-02
5.115107405201160806e-02
5.097716981192444707e-02
5.075277253473321759e-02
5.055032279671090728e-02
5.031907009800315467e-02
5.014114985053752527e-02
4.990607813234883977e-02
4.974106823959806994e-02
4.952120702824121257e-02
4.933511758200437997e-02
4.912042812195550195e-02
4.893850619968586474e-02
4.872338563214900081e-02
4.851480488683305309e-02
4.831798023963141536e-02
4.810651249395377776e-02
4.791173362611143849e-02
4.771557353119725703e-02
4.755323696784300586e-02
4.732978784448795689e-02
4.711820185671423272e-02
4.689309461212991942e-02
4.670452312617807966e-02
4.648674583242186353e-02
4.630492279607711925e-02
4.613547183512112237e-02
4.593496900434693164e-02
4.570794223990134325e-02
4.550855337894536834e-02
4.532016474984994908e-02
4.514157387203134725e-02
4.496013776333950690e-02
4.477068480877351847e-02
4.456982108419571542e-02
4.436547400922393608e-02
4.416168169225665602e-02
4.398051624517390623e-02
4.378699592683907987e-02
4.362327017459829287e-02
4.340539311101440645e-02
4.322157479848990486e-02
4.304124330640839158e-02
4.287117284601540956e-02
4.268352254110836103e-02
4.249530222631514587e-02
4.230159953818308366e-02
4.208590283843489238e-02
4.191307968164720288e-02
4.169661043885571766e-02
4.151610690115632024e-02
4.133092949667407229e-02
4.115907144206085860e-02
4.097923370902831902e-02
4.078738467137772022e-02
4.058263208985560949e-02
4.038900025090168960e-02
4.020120277279046889e-02
4.002734967879717498e-02
3.984856435568042560e-02
3.964250297005637858e-02
3.945671296982511400e-02
3.926289391284756153e-02
3.908365951331871369e-02
3.889225758966379648e-02
3.870079630726081660e-02
3.851743550103779029e-02
3.834567431183995290e-02
3.814844780164183130e-02
3.795272434093525243e-02
3.777001051552116018e-02
3.758750887167847110e-02
3.736408969550548270e-02
3.720090285096285670e-02
3.700367340851371672e-02
3.680234909647851077e-02
3.663237581352744854e-02
3.644378182536336941e-02
3.625825923716900073e-02
3.606786428790181853e-02
3.589994013437037418e-02
3.568885857215235019e-02
3.554298235941313194e-02
3.532469907663100123e-02
3.514701946122690546e-02
3.495688675742674584e-02
3.479901596252928109e-02
3.460628741599877656e-02
3.444271214684890836e-02
3.427031706188835014e-02
3.408628600500376860e-02
3.391635594922914887e-02
3.373380866691567254e-02
3.356570631312408293e-02
3.339191523475504297e-02
3.319614462916480047e-02
3.302942985371613849e-02
3.286264780252543677e-02
3.266028758314063613e-02
3.248414808080672678e-02
3.232013807632629770e-02
3.212389150801505527e-02
3.193674929032105231e-02
3.176775100499038690e-02
3.157400375384990937e-02
3.140251573326155454e-02
3.121731892244729301e-02
3.104617606077237496e-02
3.085741337903097695e-02
3.067289849336845772e-02
3.049834454013907944e-02
3.029918828067307626e-02
3.012665335280192633e-02
2.994533831901962165e-02
2.977299923262586440e-02
2.959224371774429180e-02
2.941212982198573508e-02
2.923780511034750410e-02
2.907279588809702150e-02
2.891601609656924490e-02
2.875214033697138030e-02
2.856362722786781605e-02
2.839440471807829630e-02
2.820795568455978022e-02
2.805310796892346303e-02
2.786372495523298590e-02
2.767049984405945545e-02
2.748849035346226377e-02
2.730202142478184782e-02
2.712596738093807358e-02
2.695649704505077154e-02
2.681173000550129276e-02
2.663387197348027549e-02
2.644201331536258706e-02
2.629801844507435524e-02
2.611513881613232446e-02
2.593817966688306484e-02
2.574911454935518984e-02
2.559194822516719370e-02
2.541626026717956274e-02
2.526769258096770235e-02
2.509847551903937948e-02
2.490932888837179074e-02
2.473500614619067103e-02
2.456337357118016165e-02
2.438821821679349952e-02
2.422933205708001358e-02
2.407756363733413313e-02
2.389947505827490909e-02
2.372958277906750749e-02
2.356315065612254317e-02
2.337777835836794132e-02
2.322902671816427789e-02
2.307877434460094829e-02
2.290864197014942302e-02
2.275618743451335302e-02
2.259783867563629201e-02
2.242575561096383369e-02
2.226170984087772961e-02
2.208350409715734500e-02
2.193031915170520069e-02
2.177106693047590330e-02
2.158830299627625959e-02
2.144883728620562355e-02
2.127572780842831857e-02
2.112120315541558477e-02
2.095667034104058482e-02
2.080464940201659854e-02
2.065331208116492206e-02
2.047857184745189435e-02
2.031970410341560687e-02
2.015969268257745972e-02
1.998707289916229132e-02
1.980928949075590542e-02
1.967487363887275922e-02
1.950159612042762572e-02
1.936060879773494545e-02
1.919976393325491248e-02
1.902414540119325495e-02
1.887530067307862866e-02
1.870894659979829844e-02
1.854994786682785321e-02
1.837917988937881608e-02
1.822583825988531928e-02
1.804448188320717170e-02
1.788850868797072988e-02
1.772182659005163904e-02
1.755932889730255075e-02
1.739717021364126093e-02
1.723031056136321501e-02
1.705312627002994463e-02
1.689837079642530007e-02
1.672975408414646356e-02
1.655208371858611638e-02
1.640012495216486635e-02
1.623548757276416579e-02
1.608864617715942066e-02
1.595108912304533250e-02
1.578503186604846356e-02
1.562932522884567799e-02
1.548687741966197837e-02
1.533671375224363552e-02
1.517519762451101720e-02
1.500725534826291736e-02
1.489023211145961909e-02
1.471392069234453079e-02
1.456534791464078778e-02
1.442035965007641175e-02
1.428048412331351866e-02
1.413493480919009518e-02
1.398552064522333091e-02
1.383664894930037616e-02
1.369549454828627826e-02
1.354771433743528521e-02
1.339050773984264489e-02
1.325326043902592434e-02
1.309504945729810486e-02
1.293608112688245625e-02
1.280007193976066306e-02
1.265086368514580471e-02
1.248161045098951025e-02
1.234041355705115667e-02
1.220519321629136636e-02
1.205922229897336655e-02
1.189971937070136675e-02
1.174445097212833619e-02
1.158543311796651765e-02
1.143817527855138690e-02
1.128949597330216638e-02
1.114829545806719779e-02
1.099767565443533074e-02
1.084219532289097329e-02
1.069779041045651469e-02
1.054915106718326383e-02
1.040329979530123933e-02
1.027231643495954763e-02
1.011567088477401295e-02
9.946599099883416187e-03
9.804592650948577154e-03
9.668811205882671400e-03
9.510432806630914060e-03
9.367417941957160987e-03
9.222778835984402415e-03
9.079427859969227063e-03
8.950283799170238516e-03
8.807229425700533604e-03
8.667409645141668437e-03
8.517696924740914000e-03
8.381028727374652265e-03
8.227831895478227714e-03
8.083433927021963644e-03
7.934596553278850176e-03
7.789086305507957227e-03
7.640143452311883542e-03
7.507255888006545905e-03
7.371309908825333067e-03
7.247365505475200295e-03
7.083238022620595882e-03
6.941070432454596144e-03
6.803613421554305374e-03
6.660983361069019830e-03
6.527619784853583296e-03
6.377170861519517765e-03
6.241883393609239106e-03
6.104397947395771330e-03
5.960389459149373868e-03
5.822893818212265295e-03
5.678661854749700484e-03
5.537269137945760762e-03
5.401440225117360057e-03
5.249713594592962142e-03
5.110469543407376684e-03
4.973809273714594435e-03
4.841495699650069998e-03
4.691669822513744488e-03
4.564981457436386586e-03
4.434476269511092826e-03
4.298010492542233239e-03
4.150782908291038298e-03
4.016647907420662841e-03
3.879297615074515058e-03
3.727823838604924118e-03
3.593200396883527298e-03
3.445764591127523264e-03
3.296442677224829289e-03
3.150511168643913441e-03
3.010880697058313481e-03
2.852800319290891857e-03
2.720225516512349544e-03
2.579257568875376223e-03
2.445893995270920131e-03
2.303701000778276761e-03
2.168702735824023890e-03
2.022248225966658507e-03
1.877819438310503533e-03
1.744495579824058978e-03
1.602298526283352014e-03
1.466563171550459323e-03
1.332074205477610119e-03
1.198996517272370903e-03
1.071860752979687499e-03
9.456370421139939728e-04
8.082067019644516336e-04
6.748553786579481253e-04
5.377656358857191331e-04
4.027126301794654167e-04
2.688362754571635882e-04
1.370591371198968207e-04
