1.000000000000000000e+00
9.868583971029772917e-01
9.823093790680132997e-01
9.784145699793362905e-01
9.748644286854311058e-01
9.713246686427390308e-01
9.685836821696084398e-01
9.647560127179158895e-01
9.621415806362519918e-01
9.595618455273936531e-01
9.574806149926805565e-01
9.551803337771712643e-01
9.526918963449287903e-01
9.492498060686106465e-01
9.464678485858389889e-01
9.435447968686665465e-01
9.419641380518236629e-01
9.398597210863057771e-01
9.367746587275749270e-01
9.346145369001792602e-01
9.318137376043595932e-01
9.297427038712791081e-01
9.279723969319217947e-01
9.258973582947732650e-01
9.248256946057109573e-01
9.231195436932565501e-01
9.204390471212536839e-01
9.190363858825458809e-01
9.172252701873948588e-01
9.155775672861521386e-01
9.126396845088449172e-01
9.103002697074035199e-01
9.081394035061473025e-01
9.062372771191735676e-01
9.046566460297015277e-01
9.025093248008747571e-01
9.009340420428894047e-01
8.989808485005916783e-01
8.967323185943574249e-01
8.945043570509660924e-01
8.932986807286538156e-01
8.912690712608923871e-01
8.890713954377877926e-01
8.872383850724593346e-01
8.860044109729535711e-01
8.838183782976714031e-01
8.824579628332849257e-01
8.802852977952848601e-01
8.783334842875077930e-01
8.760551128645802654e-01
8.745532043056319926e-01
8.720569827385237227e-01
8.698837950858873125e-01
8.680127436987848943e-01
8.669629066659477745e-01
8.644055928455045557e-01
8.628423475728534964e-01
8.606691318183782302e-01
8.585969971843453452e-01
8.566776990976466832e-01
8.547097205328844094e-01
8.527103602739093402e-01
8.511407448743574244e-01
8.484568286645215451e-01
8.471904100076995681e-01
8.455821951085861210e-01
8.435638050322528114e-01
8.416503901995394665e-01
8.404477922241895271e-01
8.386322303141613421e-01
8.362207761771928149e-01
8.345010330953576139e-01
8.327330394260819002e-01
8.312908182342676477e-01
8.295918151747622149e-01
8.276863310367728044e-01
8.245334099582276588e-01
8.221334444281169773e-01
8.201944323776120260e-01
8.173680935536195014e-01
8.156467126841399073e-01
8.133486496529823695e-01
8.109604444740586837e-01
8.092960611449426800e-01
8.071137085834041436e-01
8.055136075180113764e-01
8.031281640326055626e-01
8.006604458278017145e-01
7.988204617753393855e-01
7.969309080248164756e-01
7.948443074077014003e-01
7.932748755098888438e-01
7.903062894711749831e-01
7.878654339832066311e-01
7.855183760295835205e-01
7.828886951997289234e-01
7.798415309042238119e-01
7.775152656918320471e-01
7.758667199847842921e-01
7.732318829054778409e-01
7.705708555567141183e-01
7.679549773590580442e-01
7.658185829794749155e-01
7.633700897127209117e-01
7.604252357146205066e-01
7.583306480030949093e-01
7.559157763015570408e-01
7.534706876005419218e-01
7.513618548579219514e-01
7.502237759636317671e-01
7.480553642285454607e-01
7.457158034192150620e-01
7.438475380806202075e-01
7.404964457003130329e-01
7.370901613937498320e-01
7.350586757771047086e-01
7.319647898760290872e-01
7.288889018492823446e-01
7.264545070773413826e-01
7.236988635901470124e-01
7.211470800751978993e-01
7.179244599687780726e-01
7.153806721643198863e-01
7.127253974036088513e-01
7.098743637939837203e-01
7.070611348931511442e-01
7.041406364204275681e-01
7.015143191355269758e-01
6.998290578886291469e-01
6.973260028473888816e-01
6.950919703248098491e-01
6.920614969030373098e-01
6.899331481115328346e-01
6.874406402742343491e-01
6.859339393316118416e-01
6.837461886020492763e-01
6.822507629147872565e-01
6.810970920388417227e-01
6.789929579294488038e-01
6.777798673743825608e-01
6.758515341701629708e-01
6.736985416750037592e-01
6.721068910521712514e-01
6.697446605590068325e-01
6.676845567748153076e-01
6.656372670276037296e-01
6.640550001930434210e-01
6.616964699074758816e-01
6.595579750396437513e-01
6.577723197647865616e-01
6.553064253141920315e-01
6.537139260455651080e-01
6.518428950063321903e-01
6.494014083407549931e-01
6.476623841584057129e-01
6.456502360584258637e-01
6.435996903323603080e-01
6.419097356166533208e-01
6.393948751675041509e-01
6.369287219706987191e-01
6.348044234674526942e-01
6.318577175224208142e-01
6.297810079325902866e-01
6.275642078670516932e-01
6.250358180948691889e-01
6.226035255945084890e-01
6.209813278005014148e-01
6.181045567851349842e-01
6.161721311249910293e-01
6.139862225107195481e-01
6.110442258011955508e-01
6.090611975849821169e-01
6.062786500371958320e-01
6.042669060324600272e-01
6.027001840810657374e-01
6.008541118553353266e-01
5.985202654489778507e-01
5.965013568012244027e-01
5.945512655206713903e-01
5.929086224969868368e-01
5.912074727588517709e-01
5.888197906864603981e-01
5.874682011723094677e-01
5.858444704613193776e-01
5.839965683342300817e-01
5.825309283364770163e-01
5.808436383808305292e-01
5.791531470578865637e-01
5.768387017537763839e-01
5.750786993698202565e-01
5.731747359239794948e-01
5.708925870797008084e-01
5.692696459413311150e-01
5.669958389952527433e-01
5.646163858795388846e-01
5.621763814443554441e-01
5.603170095034678555e-01
5.576372456255009880e-01
5.559995969627327117e-01
5.540581616947054533e-01
5.521956356903490182e-01
5.500801590423972653e-01
5.481383113598937706e-01
5.465135735274184725e-01
5.445875380287997780e-01
5.421160000221529884e-01
5.397735359842854574e-01
5.384190555774056586e-01
5.364144991160683107e-01
5.352308204249124346e-01
5.333031484282774182e-01
5.314391191473666343e-01
5.292249734512258774e-01
5.276333559726514855e-01
5.260902300152909827e-01
5.241388171410811259e-01
5.225293213616767352e-01
5.202164516625841229e-01
5.184672521519361199e-01
5.164014344700058601e-01
5.145937005891770832e-01
5.127354654831360881e-01
5.108981737488266228e-01
5.085906191749755001e-01
5.070117774914263409e-01
5.053036911167438916e-01
5.040491586904024546e-01
5.021120066851503250e-01
4.998147935041464263e-01
4.974161048465882140e-01
4.954358779204999785e-01
4.934622085818071158e-01
4.910566426847475796e-01
4.888677220129237777e-01
4.869702052124199043e-01
4.850853256375058931e-01
4.837818209424787907e-01
4.822990681180819861e-01
4.800222486159500535e-01
4.785728388361065733e-01
4.764870781230960972e-01
4.741210153996070487e-01
4.722797217758982202e-01
4.701563122017792806e-01
4.680119250487064786e-01
4.661866060135616552e-01
4.643318068476948168e-01
4.624238381005049137e-01
4.601435655507019606e-01
4.591906113446547200e-01
4.568851601337575175e-01
4.551551778628733502e-01
4.526595376195751141e-01
4.502624188565911290e-01
4.473862003090766648e-01
4.455087981530562180e-01
4.433406538590796697e-01
4.412009275141647313e-01
4.391709935580340174e-01
4.373871035199853319e-01
4.354016927668658554e-01
4.344460819035616539e-01
4.323069448999434239e-01
4.305461320771136746e-01
4.288547300374846438e-01
4.269481456092753535e-01
4.247352111530944274e-01
4.231161469577703893e-01
4.212821845153999489e-01
4.192072679688219616e-01
4.176050833918501515e-01
4.155344014023937271e-01
4.140239762040131555e-01
4.123225728468466467e-01
4.110319122392637747e-01
4.092179378136656664e-01
4.068846242432319626e-01
4.045072081907118977e-01
4.020613842120356884e-01
3.994563202138298741e-01
3.978605728551261045e-01
3.964040105660481261e-01
3.940685559027766738e-01
3.919677879285274336e-01
3.898447259801104958e-01
3.881414805782312794e-01
3.869427443048840121e-01
3.848891080092864958e-01
3.827398797284185528e-01
3.808391900952898812e-01
3.787910188576001369e-01
3.768825135716551977e-01
3.753040753617837844e-01
3.732211665930005307e-01
3.714382119473208510e-01
3.697456550035967404e-01
3.675129143357899197e-01
3.657403695959951517e-01
3.640745818838268533e-01
3.621405501353521794e-01
3.600171700877329850e-01
3.579490915215897684e-01
3.558624280166171050e-01
3.542256136864807559e-01
3.522933831045453323e-01
3.508630768945151801e-01
3.484108339750549566e-01
3.467267055558274080e-01
3.452133471889885508e-01
3.438776431987080051e-01
3.421484014943700358e-01
3.406744623843756536e-01
3.384226040972582172e-01
3.364200194896437290e-01
3.346841809584301664e-01
3.324875775483284168e-01
3.299642492499756385e-01
3.278298907870814127e-01
3.255137056431867126e-01
3.241429738410767647e-01
3.224751398236685440e-01
3.206309564083123509e-01
3.189751706951288179e-01
3.174844956268652041e-01
3.155448772209274999e-01
3.141190468288872495e-01
3.123101310770535766e-01
3.104439191220179084e-01
3.086883110159875931e-01
3.069796038155253592e-01
3.048688361206290387e-01
3.030279550433437885e-01
3.012252494837744932e-01
2.992689968392372446e-01
2.974621768408111100e-01
2.959192355524558060e-01
2.941927691795025446e-01
2.923835756625085547e-01
2.904090603988930264e-01
2.884172976278276401e-01
2.865897614265719429e-01
2.846836814081727396e-01
2.828972642111510227e-01
2.811064680356751833e-01
2.792333285245258701e-01
2.772559867327749061e-01
2.757986955894680681e-01
2.737180986119280846e-01
2.718661637187454461e-01
2.699635842133514263e-01
2.674823358590255884e-01
2.653661419047700365e-01
2.632831423473199206e-01
2.609693648351439355e-01
2.591700844842799722e-01
2.577458551836239731e-01
2.562185544497848078e-01
2.542801445396441484e-01
2.523307983974291124e-01
2.500968827772780401e-01
2.477852793079870219e-01
2.456861342534923109e-01
2.430400333340176078e-01
2.408941781962865014e-01
2.388296016115939724e-01
2.371478429756484207e-01
2.347846251790967065e-01
2.331499453538377620e-01
2.302996951434098383e-01
2.278017328770564620e-01
2.254667488602619119e-01
2.234529607899315984e-01
2.210949642657542569e-01
2.198304628625916968e-01
2.172113293107343079e-01
2.154063166558189690e-01
2.134848271486377291e-01
2.118186742472904505e-01
2.100355934437797834e-01
2.080366778517502291e-01
2.057076257987912882e-01
2.039163510879764551e-01
2.018930122028948504e-01
2.008909753823791833e-01
1.990583424969588899e-01
1.972740101625874709e-01
1.951166202799507754e-01
1.933369102938698736e-01
1.913961047555041151e-01
1.899014542257237703e-01
1.881178741239614427e-01
1.861150274254808890e-01
1.846613188458507970e-01
1.831511586850322060e-01
1.814696334899442987e-01
1.797623538651002550e-01
1.779063637820166299e-01
1.759126205755469352e-01
1.741231515390064821e-01
1.725544748084732738e-01
1.708924945513161375e-01
1.689344079313702396e-01
1.670049703851227418e-01
1.653591844482485973e-01
1.635474073535186645e-01
1.616624341452269908e-01
1.596435593110264450e-01
1.574439311741489267e-01
1.554223281794127054e-01
1.537050589696222769e-01
1.521133581954871583e-01
1.508608548756285583e-01
1.489196106945301079e-01
1.476197217924878902e-01
1.461634352736068121e-01
1.443336589211113852e-01
1.423760781732922864e-01
1.407738180718595411e-01
1.390771476297202880e-01
1.372303689073810506e-01
1.353772710862321815e-01
1.335098571322286265e-01
1.313118283456958524e-01
1.293122068167000538e-01
1.272396345492618763e-01
1.253666375510119890e-01
1.234403890349073801e-01
1.219938178709956550e-01
1.198818919061243604e-01
1.183584997017205903e-01
1.170548650550394809e-01
1.154456027775716265e-01
1.137723134017461640e-01
1.120396519428911719e-01
1.097984481333480894e-01
1.078263024863500841e-01
1.056265551019504173e-01
1.037227245917453494e-01
1.017573806080769583e-01
9.960135320064189557e-02
9.721848546573977345e-02
9.559278258131802264e-02
9.358900892666065230e-02
9.182385588239967700e-02
8.979633431371894514e-02
8.827058790852483627e-02
8.653098434817978191e-02
8.477157743956696689e-02
8.283940806372097621e-02
8.140204968193374968e-02
7.942436404139399664e-02
7.724477025918889683e-02
7.546775011122826282e-02
7.369263291011392270e-02
7.218955265343186822e-02
7.059110397506414281e-02
6.875037210641492258e-02
6.708824493592226157e-02
6.530680603495626901e-02
6.383104887288974794e-02
6.284362094646077368e-02
6.107641381780192641e-02
5.957840865055814145e-02
5.810203714930920610e-02
5.682536531263859825e-02
5.563399760605475947e-02
5.454040321832265975e-02
5.366029428088237019e-02
5.298148818316924386e-02
5.185796756237882887e-02
5.091402526553563679e-02
4.995743147903403125e-02
4.881694611964702835e-02
4.808874355524659500e-02
4.700171517949490452e-02
4.588774669486705288e-02
4.504495730560405947e-02
4.435924929832418817e-02
4.332310412063516275e-02
4.257160176342841829e-02
4.136000369065055693e-02
4.027564014058867409e-02
3.923432932285399188e-02
3.854726830088106571e-02
3.777998774332128051e-02
3.717723710293980438e-02
3.640118316721947800e-02
3.584550576660307242e-02
3.518030119696792524e-02
3.466052977539891417e-02
3.383723590896946937e-02
3.296052780671204774e-02
3.224017857158512773e-02
3.168383092990068040e-02
3.073579126675156023e-02
3.036173419110607327e-02
2.957596917219615720e-02
2.874929995353429565e-02
2.813283667677135211e-02
2.750062301758631270e-02
2.666872195579803040e-02
2.604256711561982532e-02
2.543705076296091938e-02
2.471934059708677522e-02
2.378893205780594280e-02
2.290252009386110205e-02
2.226098892897829945e-02
2.153534309237447805e-02
2.071500011416473053e-02
1.955035596597592962e-02
1.863173315153641291e-02
1.756438569564759689e-02
1.665211255119966594e-02
1.566442106521042515e-02
1.474881991144147073e-02
1.341689375981828906e-02
1.221559807960058072e-02
1.103360475770630116e-02
1.015429428912796236e-02
8.969664103138864225e-03
7.850210209593042401e-03
7.017085192399929484e-03
6.528830531508737420e-03
5.989201363391898590e-03
5.444447269140189130e-03
4.932254094946898933e-03
4.079937112359801644e-03
3.263048212805392395e-03
2.605567291100950676e-03
1.895184979823052833e-03
1.233287094745921190e-03
5.149542217752909245e-04
